x;y_myfunction;y_fromLibrary
-4;17;17
-3,982;16,892162;16,892162
-3,964;16,784648;16,784648
-3,946;16,677458;16,677458
-3,928;16,570592;16,570592
-3,91;16,46405;16,46405
-3,892;16,357832;16,357832
-3,874;16,251938;16,251938
-3,856;16,146368;16,146368
-3,838;16,041122;16,041122
-3,82;15,9362;15,9362
-3,802;15,831602;15,831602
-3,784;15,727328;15,727328
-3,766;15,623378;15,623378
-3,748;15,519752;15,519752
-3,73;15,41645;15,41645
-3,712;15,313472;15,313472
-3,694;15,210818;15,210818
-3,676;15,108488;15,108488
-3,658;15,006482;15,006482
-3,64;14,9048;14,9048
-3,622;14,803442;14,803442
-3,604;14,702408;14,702408
-3,586;14,601698;14,601698
-3,568;14,501312;14,501312
-3,55000000000001;14,40125;14,40125
-3,53200000000001;14,301512;14,301512
-3,51400000000001;14,202098;14,202098
-3,49600000000001;14,103008;14,103008
-3,47800000000001;14,004242;14,004242
-3,46000000000001;13,9058;13,9058
-3,44200000000001;13,807682;13,807682
-3,42400000000001;13,709888;13,709888
-3,40600000000001;13,612418;13,612418
-3,38800000000001;13,515272;13,515272
-3,37000000000001;13,41845;13,41845
-3,35200000000001;13,321952;13,321952
-3,33400000000001;13,225778;13,225778
-3,31600000000001;13,129928;13,129928
-3,29800000000001;13,034402;13,034402
-3,28000000000001;12,9392;12,9392
-3,26200000000001;12,844322;12,844322
-3,24400000000001;12,749768;12,749768
-3,22600000000001;12,655538;12,655538
-3,20800000000001;12,561632;12,561632
-3,19000000000001;12,46805;12,46805
-3,17200000000001;12,374792;12,374792
-3,15400000000001;12,281858;12,281858
-3,13600000000001;12,1892480000001;12,1892480000001
-3,11800000000001;12,0969620000001;12,0969620000001
-3,10000000000001;12,0050000000001;12,0050000000001
-3,08200000000001;11,9133620000001;11,9133620000001
-3,06400000000001;11,8220480000001;11,8220480000001
-3,04600000000001;11,7310580000001;11,7310580000001
-3,02800000000001;11,6403920000001;11,6403920000001
-3,01000000000001;11,5500500000001;11,5500500000001
-2,99200000000001;11,4600320000001;11,4600320000001
-2,97400000000001;11,3703380000001;11,3703380000001
-2,95600000000001;11,2809680000001;11,2809680000001
-2,93800000000001;11,1919220000001;11,1919220000001
-2,92000000000001;11,1032000000001;11,1032000000001
-2,90200000000001;11,0148020000001;11,0148020000001
-2,88400000000001;10,9267280000001;10,9267280000001
-2,86600000000001;10,8389780000001;10,8389780000001
-2,84800000000001;10,7515520000001;10,7515520000001
-2,83000000000001;10,6644500000001;10,6644500000001
-2,81200000000001;10,5776720000001;10,5776720000001
-2,79400000000001;10,4912180000001;10,4912180000001
-2,77600000000001;10,4050880000001;10,4050880000001
-2,75800000000001;10,3192820000001;10,3192820000001
-2,74000000000001;10,2338000000001;10,2338000000001
-2,72200000000001;10,1486420000001;10,1486420000001
-2,70400000000001;10,0638080000001;10,0638080000001
-2,68600000000002;9,97929800000007;9,97929800000007
-2,66800000000002;9,89511200000007;9,89511200000007
-2,65000000000002;9,81125000000007;9,81125000000007
-2,63200000000002;9,72771200000007;9,72771200000007
-2,61400000000002;9,64449800000007;9,64449800000007
-2,59600000000002;9,56160800000007;9,56160800000007
-2,57800000000002;9,47904200000007;9,47904200000007
-2,56000000000002;9,39680000000008;9,39680000000008
-2,54200000000002;9,31488200000008;9,31488200000008
-2,52400000000002;9,23328800000008;9,23328800000008
-2,50600000000002;9,15201800000008;9,15201800000008
-2,48800000000002;9,07107200000008;9,07107200000008
-2,47000000000002;8,99045000000008;8,99045000000008
-2,45200000000002;8,91015200000008;8,91015200000008
-2,43400000000002;8,83017800000008;8,83017800000008
-2,41600000000002;8,75052800000008;8,75052800000008
-2,39800000000002;8,67120200000008;8,67120200000008
-2,38000000000002;8,59220000000008;8,59220000000008
-2,36200000000002;8,51352200000008;8,51352200000008
-2,34400000000002;8,43516800000008;8,43516800000008
-2,32600000000002;8,35713800000008;8,35713800000008
-2,30800000000002;8,27943200000008;8,27943200000008
-2,29000000000002;8,20205000000008;8,20205000000008
-2,27200000000002;8,12499200000008;8,12499200000008
-2,25400000000002;8,04825800000009;8,04825800000009
-2,23600000000002;7,97184800000009;7,97184800000008
-2,21800000000002;7,89576200000009;7,89576200000009
-2,20000000000002;7,82000000000009;7,82000000000009
-2,18200000000002;7,74456200000009;7,74456200000009
-2,16400000000002;7,66944800000009;7,66944800000009
-2,14600000000002;7,59465800000009;7,59465800000009
-2,12800000000002;7,52019200000009;7,52019200000009
-2,11000000000002;7,44605000000009;7,44605000000009
-2,09200000000002;7,37223200000009;7,37223200000009
-2,07400000000002;7,29873800000009;7,29873800000009
-2,05600000000002;7,22556800000009;7,22556800000009
-2,03800000000002;7,15272200000009;7,15272200000009
-2,02000000000002;7,08020000000009;7,08020000000009
-2,00200000000002;7,00800200000009;7,00800200000009
-1,98400000000002;6,93612800000009;6,93612800000009
-1,96600000000002;6,86457800000009;6,86457800000009
-1,94800000000002;6,79335200000009;6,79335200000009
-1,93000000000002;6,72245000000009;6,72245000000009
-1,91200000000002;6,65187200000009;6,65187200000009
-1,89400000000002;6,58161800000009;6,58161800000009
-1,87600000000002;6,51168800000009;6,51168800000009
-1,85800000000002;6,44208200000009;6,44208200000009
-1,84000000000002;6,37280000000009;6,37280000000009
-1,82200000000002;6,30384200000009;6,30384200000009
-1,80400000000002;6,23520800000009;6,23520800000009
-1,78600000000002;6,16689800000009;6,16689800000009
-1,76800000000002;6,09891200000009;6,09891200000009
-1,75000000000002;6,03125000000009;6,03125000000009
-1,73200000000002;5,96391200000008;5,96391200000008
-1,71400000000002;5,89689800000008;5,89689800000008
-1,69600000000002;5,83020800000008;5,83020800000008
-1,67800000000002;5,76384200000008;5,76384200000008
-1,66000000000002;5,69780000000008;5,69780000000008
-1,64200000000002;5,63208200000008;5,63208200000008
-1,62400000000002;5,56668800000008;5,56668800000008
-1,60600000000002;5,50161800000008;5,50161800000008
-1,58800000000002;5,43687200000008;5,43687200000008
-1,57000000000002;5,37245000000008;5,37245000000008
-1,55200000000002;5,30835200000008;5,30835200000008
-1,53400000000002;5,24457800000008;5,24457800000008
-1,51600000000002;5,18112800000008;5,18112800000008
-1,49800000000002;5,11800200000008;5,11800200000008
-1,48000000000002;5,05520000000008;5,05520000000008
-1,46200000000002;4,99272200000008;4,99272200000008
-1,44400000000002;4,93056800000008;4,93056800000008
-1,42600000000002;4,86873800000008;4,86873800000008
-1,40800000000002;4,80723200000008;4,80723200000008
-1,39000000000002;4,74605000000008;4,74605000000007
-1,37200000000002;4,68519200000008;4,68519200000007
-1,35400000000002;4,62465800000007;4,62465800000007
-1,33600000000002;4,56444800000007;4,56444800000008
-1,31800000000002;4,50456200000007;4,50456200000007
-1,30000000000002;4,44500000000007;4,44500000000007
-1,28200000000002;4,38576200000007;4,38576200000007
-1,26400000000002;4,32684800000007;4,32684800000007
-1,24600000000002;4,26825800000007;4,26825800000007
-1,22800000000002;4,20999200000007;4,20999200000007
-1,21000000000002;4,15205000000007;4,15205000000007
-1,19200000000002;4,09443200000007;4,09443200000007
-1,17400000000002;4,03713800000007;4,03713800000007
-1,15600000000002;3,98016800000007;3,98016800000007
-1,13800000000002;3,92352200000007;3,92352200000007
-1,12000000000002;3,86720000000007;3,86720000000007
-1,10200000000002;3,81120200000007;3,81120200000007
-1,08400000000002;3,75552800000007;3,75552800000007
-1,06600000000002;3,70017800000007;3,70017800000007
-1,04800000000002;3,64515200000007;3,64515200000007
-1,03000000000002;3,59045000000007;3,59045000000007
-1,01200000000002;3,53607200000007;3,53607200000007
-0,994000000000022;3,48201800000007;3,48201800000007
-0,976000000000022;3,42828800000007;3,42828800000007
-0,958000000000022;3,37488200000006;3,37488200000006
-0,940000000000022;3,32180000000006;3,32180000000006
-0,922000000000022;3,26904200000006;3,26904200000006
-0,904000000000022;3,21660800000006;3,21660800000006
-0,886000000000022;3,16449800000006;3,16449800000006
-0,868000000000022;3,11271200000006;3,11271200000006
-0,850000000000022;3,06125000000006;3,06125000000006
-0,832000000000022;3,01011200000006;3,01011200000006
-0,814000000000022;2,95929800000006;2,95929800000006
-0,796000000000022;2,90880800000006;2,90880800000006
-0,778000000000022;2,85864200000006;2,85864200000006
-0,760000000000022;2,80880000000006;2,80880000000006
-0,742000000000022;2,75928200000006;2,75928200000006
-0,724000000000022;2,71008800000006;2,71008800000006
-0,706000000000022;2,66121800000006;2,66121800000006
-0,688000000000022;2,61267200000006;2,61267200000006
-0,670000000000022;2,56445000000006;2,56445000000006
-0,652000000000022;2,51655200000006;2,51655200000006
-0,634000000000022;2,46897800000006;2,46897800000006
-0,616000000000022;2,42172800000006;2,42172800000006
-0,598000000000022;2,37480200000006;2,37480200000006
-0,580000000000022;2,32820000000006;2,32820000000006
-0,562000000000022;2,28192200000006;2,28192200000006
-0,544000000000022;2,23596800000005;2,23596800000006
-0,526000000000022;2,19033800000005;2,19033800000005
-0,508000000000022;2,14503200000005;2,14503200000005
-0,490000000000022;2,10005000000005;2,10005000000005
-0,472000000000022;2,05539200000005;2,05539200000005
-0,454000000000022;2,01105800000005;2,01105800000005
-0,436000000000021;1,96704800000005;1,96704800000005
-0,418000000000021;1,92336200000005;1,92336200000005
-0,400000000000021;1,88000000000005;1,88000000000005
-0,382000000000021;1,83696200000005;1,83696200000005
-0,364000000000021;1,79424800000005;1,79424800000005
-0,346000000000021;1,75185800000005;1,75185800000005
-0,328000000000021;1,70979200000005;1,70979200000005
-0,310000000000021;1,66805000000005;1,66805000000005
-0,292000000000021;1,62663200000005;1,62663200000005
-0,274000000000021;1,58553800000005;1,58553800000005
-0,256000000000021;1,54476800000005;1,54476800000005
-0,238000000000021;1,50432200000005;1,50432200000005
-0,220000000000021;1,46420000000005;1,46420000000005
-0,202000000000021;1,42440200000005;1,42440200000005
-0,184000000000021;1,38492800000005;1,38492800000005
-0,166000000000021;1,34577800000005;1,34577800000005
-0,148000000000021;1,30695200000005;1,30695200000005
-0,130000000000021;1,26845000000005;1,26845000000005
-0,112000000000021;1,23027200000005;1,23027200000005
-0,0940000000000214;1,19241800000004;1,19241800000004
-0,0760000000000214;1,15488800000004;1,15488800000004
-0,0580000000000214;1,11768200000004;1,11768200000004
-0,0400000000000214;1,08080000000004;1,08080000000004
-0,0220000000000214;1,04424200000004;1,04424200000004
-0,0040000000000214;1,00800800000004;1,00800800000004
0,0139999999999786;0,972098000000043;0,972098000000043
0,0319999999999786;0,936512000000042;0,936512000000042
0,0499999999999786;0,901250000000042;0,901250000000042
0,0679999999999786;0,866312000000041;0,866312000000041
0,0859999999999786;0,831698000000041;0,831698000000041
0,103999999999979;0,797408000000041;0,797408000000041
0,121999999999979;0,76344200000004;0,76344200000004
0,139999999999979;0,72980000000004;0,72980000000004
0,157999999999979;0,696482000000039;0,696482000000039
0,175999999999979;0,663488000000039;0,663488000000039
0,193999999999979;0,630818000000039;0,630818000000039
0,211999999999979;0,598472000000038;0,598472000000038
0,229999999999979;0,566450000000038;0,566450000000038
0,247999999999979;0,534752000000038;0,534752000000038
0,265999999999979;0,503378000000037;0,503378000000037
0,283999999999979;0,472328000000037;0,472328000000037
0,301999999999979;0,441602000000036;0,441602000000036
0,319999999999979;0,411200000000036;0,411200000000036
0,337999999999979;0,381122000000036;0,381122000000036
0,355999999999979;0,351368000000035;0,351368000000035
0,373999999999979;0,321938000000035;0,321938000000035
0,391999999999979;0,292832000000034;0,292832000000034
0,409999999999979;0,264050000000034;0,264050000000034
0,427999999999979;0,235592000000034;0,235592000000034
0,445999999999979;0,207458000000033;0,207458000000033
0,463999999999979;0,179648000000033;0,179648000000033
0,481999999999979;0,152162000000032;0,152162000000032
0,499999999999979;0,125000000000032;0,125000000000032
0,517999999999979;0,0981620000000316;0,0981620000000316
0,535999999999979;0,0716480000000312;0,0716480000000311
0,553999999999979;0,0454580000000308;0,0454580000000308
0,571999999999979;0,0195920000000303;0,0195920000000304
0,589999999999979;-0,00594999999997006;-0,00594999999997003
0,607999999999979;-0,0311679999999705;-0,0311679999999704
0,625999999999979;-0,0560619999999709;-0,0560619999999709
0,643999999999979;-0,0806319999999713;-0,0806319999999713
0,661999999999979;-0,104877999999972;-0,104877999999972
0,679999999999979;-0,128799999999972;-0,128799999999972
0,697999999999979;-0,152397999999972;-0,152397999999973
0,715999999999979;-0,175671999999973;-0,175671999999973
0,733999999999979;-0,198621999999973;-0,198621999999973
0,751999999999979;-0,221247999999974;-0,221247999999974
0,769999999999979;-0,243549999999974;-0,243549999999974
0,787999999999979;-0,265527999999974;-0,265527999999974
0,805999999999979;-0,287181999999975;-0,287181999999975
0,823999999999979;-0,308511999999975;-0,308511999999975
0,841999999999979;-0,329517999999976;-0,329517999999976
0,859999999999979;-0,350199999999976;-0,350199999999976
0,877999999999979;-0,370557999999976;-0,370557999999976
0,895999999999979;-0,390591999999977;-0,390591999999977
0,913999999999979;-0,410301999999977;-0,410301999999977
0,931999999999979;-0,429687999999978;-0,429687999999978
0,949999999999979;-0,448749999999978;-0,448749999999978
0,967999999999979;-0,467487999999978;-0,467487999999978
0,985999999999979;-0,485901999999979;-0,485901999999979
1,00399999999998;-0,503991999999979;-0,503991999999979
1,02199999999998;-0,52175799999998;-0,52175799999998
1,03999999999998;-0,53919999999998;-0,53919999999998
1,05799999999998;-0,55631799999998;-0,55631799999998
1,07599999999998;-0,573111999999981;-0,573111999999981
1,09399999999998;-0,589581999999981;-0,589581999999981
1,11199999999998;-0,605727999999982;-0,605727999999982
1,12999999999998;-0,621549999999982;-0,621549999999982
1,14799999999998;-0,637047999999982;-0,637047999999982
1,16599999999998;-0,652221999999983;-0,652221999999983
1,18399999999998;-0,667071999999983;-0,667071999999983
1,20199999999998;-0,681597999999983;-0,681597999999983
1,21999999999998;-0,695799999999984;-0,695799999999984
1,23799999999998;-0,709677999999984;-0,709677999999984
1,25599999999998;-0,723231999999985;-0,723231999999985
1,27399999999998;-0,736461999999985;-0,736461999999985
1,29199999999998;-0,749367999999985;-0,749367999999985
1,30999999999998;-0,761949999999986;-0,761949999999986
1,32799999999998;-0,774207999999986;-0,774207999999986
1,34599999999998;-0,786141999999987;-0,786141999999987
1,36399999999998;-0,797751999999987;-0,797751999999987
1,38199999999998;-0,809037999999987;-0,809037999999987
1,39999999999998;-0,819999999999988;-0,819999999999988
1,41799999999998;-0,830637999999988;-0,830637999999988
1,43599999999998;-0,840951999999988;-0,840951999999988
1,45399999999998;-0,850941999999989;-0,850941999999989
1,47199999999998;-0,860607999999989;-0,860607999999989
1,48999999999998;-0,86994999999999;-0,86994999999999
1,50799999999998;-0,87896799999999;-0,87896799999999
1,52599999999998;-0,88766199999999;-0,88766199999999
1,54399999999998;-0,896031999999991;-0,896031999999991
1,56199999999998;-0,904077999999991;-0,904077999999991
1,57999999999998;-0,911799999999992;-0,911799999999992
1,59799999999998;-0,919197999999992;-0,919197999999992
1,61599999999998;-0,926271999999992;-0,926271999999992
1,63399999999998;-0,933021999999992;-0,933021999999993
1,65199999999998;-0,939447999999993;-0,939447999999993
1,66999999999998;-0,945549999999993;-0,945549999999993
1,68799999999998;-0,951327999999994;-0,951327999999994
1,70599999999998;-0,956781999999994;-0,956781999999994
1,72399999999998;-0,961911999999994;-0,961911999999994
1,74199999999998;-0,966717999999995;-0,966717999999995
1,75999999999998;-0,971199999999995;-0,971199999999995
1,77799999999998;-0,975357999999996;-0,975357999999996
1,79599999999998;-0,979191999999996;-0,979191999999996
1,81399999999998;-0,982701999999996;-0,982701999999996
1,83199999999998;-0,985887999999997;-0,985887999999997
1,84999999999998;-0,988749999999997;-0,988749999999997
1,86799999999998;-0,991287999999997;-0,991287999999997
1,88599999999998;-0,993501999999998;-0,993501999999998
1,90399999999998;-0,995391999999998;-0,995391999999998
1,92199999999998;-0,996957999999998;-0,996957999999998
1,93999999999998;-0,998199999999999;-0,998199999999999
1,95799999999998;-0,999117999999999;-0,999117999999999
1,97599999999998;-0,999711999999999;-0,999711999999999
1,99399999999998;-0,999982;-0,999982
2,01199999999998;-0,999928;-0,999928
2,02999999999998;-0,999550000000001;-0,999550000000001
2,04799999999998;-0,998848000000001;-0,998848000000001
2,06599999999998;-0,997822000000002;-0,997822000000001
2,08399999999998;-0,996472000000002;-0,996472000000002
2,10199999999998;-0,994798000000002;-0,994798000000002
2,11999999999998;-0,992800000000003;-0,992800000000003
2,13799999999998;-0,990478000000003;-0,990478000000003
2,15599999999998;-0,987832000000003;-0,987832000000003
2,17399999999998;-0,984862000000004;-0,984862000000004
2,19199999999998;-0,981568000000004;-0,981568000000004
2,20999999999998;-0,977950000000005;-0,977950000000005
2,22799999999998;-0,974008000000005;-0,974008000000005
2,24599999999998;-0,969742000000005;-0,969742000000006
2,26399999999998;-0,965152000000006;-0,965152000000006
2,28199999999998;-0,960238000000007;-0,960238000000007
2,29999999999998;-0,955000000000007;-0,955000000000007
2,31799999999998;-0,949438000000007;-0,949438000000007
2,33599999999998;-0,943552000000008;-0,943552000000008
2,35399999999998;-0,937342000000009;-0,937342000000008
2,37199999999998;-0,930808000000009;-0,930808000000009
2,38999999999998;-0,923950000000009;-0,923950000000009
2,40799999999998;-0,91676800000001;-0,91676800000001
2,42599999999998;-0,909262000000011;-0,90926200000001
2,44399999999998;-0,901432000000011;-0,901432000000011
2,46199999999997;-0,893278000000012;-0,893278000000012
2,47999999999997;-0,884800000000012;-0,884800000000012
2,49799999999997;-0,875998000000013;-0,875998000000013
2,51599999999997;-0,866872000000013;-0,866872000000013
2,53399999999997;-0,857422000000014;-0,857422000000014
2,55199999999997;-0,847648000000015;-0,847648000000014
2,56999999999997;-0,837550000000015;-0,837550000000015
2,58799999999997;-0,827128000000016;-0,827128000000016
2,60599999999997;-0,816382000000016;-0,816382000000016
2,62399999999997;-0,805312000000017;-0,805312000000017
2,64199999999997;-0,793918000000017;-0,793918000000017
2,65999999999997;-0,782200000000018;-0,782200000000018
2,67799999999997;-0,770158000000019;-0,770158000000019
2,69599999999997;-0,757792000000019;-0,757792000000019
2,71399999999997;-0,74510200000002;-0,74510200000002
2,73199999999997;-0,732088000000021;-0,732088000000021
2,74999999999997;-0,718750000000021;-0,718750000000021
2,76799999999997;-0,705088000000022;-0,705088000000022
2,78599999999997;-0,691102000000023;-0,691102000000023
2,80399999999997;-0,676792000000023;-0,676792000000023
2,82199999999997;-0,662158000000024;-0,662158000000024
2,83999999999997;-0,647200000000025;-0,647200000000025
2,85799999999997;-0,631918000000026;-0,631918000000026
2,87599999999997;-0,616312000000026;-0,616312000000026
2,89399999999997;-0,600382000000027;-0,600382000000027
2,91199999999997;-0,584128000000027;-0,584128000000028
2,92999999999997;-0,567550000000028;-0,567550000000028
2,94799999999997;-0,550648000000029;-0,550648000000029
2,96599999999997;-0,53342200000003;-0,53342200000003
2,98399999999997;-0,515872000000031;-0,515872000000031
3,00199999999997;-0,497998000000031;-0,497998000000031
3,01999999999997;-0,479800000000032;-0,479800000000032
3,03799999999997;-0,461278000000033;-0,461278000000033
3,05599999999997;-0,442432000000034;-0,442432000000034
3,07399999999997;-0,423262000000035;-0,423262000000035
3,09199999999997;-0,403768000000035;-0,403768000000035
3,10999999999997;-0,383950000000036;-0,383950000000036
3,12799999999997;-0,363808000000037;-0,363808000000037
3,14599999999997;-0,343342000000038;-0,343342000000038
3,16399999999997;-0,322552000000039;-0,322552000000039
3,18199999999997;-0,301438000000039;-0,301438000000039
3,19999999999997;-0,28000000000004;-0,28000000000004
3,21799999999997;-0,258238000000041;-0,258238000000041
3,23599999999997;-0,236152000000042;-0,236152000000042
3,25399999999997;-0,213742000000043;-0,213742000000043
3,27199999999997;-0,191008000000044;-0,191008000000044
3,28999999999997;-0,167950000000045;-0,167950000000045
3,30799999999997;-0,144568000000046;-0,144568000000046
3,32599999999997;-0,120862000000046;-0,120862000000046
3,34399999999996;-0,0968320000000471;-0,0968320000000473
3,36199999999996;-0,0724780000000482;-0,0724780000000482
3,37999999999996;-0,0478000000000494;-0,0478000000000492
3,39799999999996;-0,0227980000000505;-0,0227980000000501
3,41599999999996;0,00252799999994924;0,0025279999999489
3,43399999999996;0,0281779999999481;0,028177999999948
3,45199999999996;0,0541519999999469;0,054151999999947
3,46999999999996;0,0804499999999457;0,0804499999999461
3,48799999999996;0,107071999999945;0,107071999999945
3,50599999999996;0,134017999999944;0,134017999999944
3,52399999999996;0,161287999999943;0,161287999999943
3,54199999999996;0,188881999999942;0,188881999999942
3,55999999999996;0,216799999999941;0,216799999999941
3,57799999999996;0,24504199999994;0,24504199999994
3,59599999999996;0,273607999999939;0,273607999999939
3,61399999999996;0,302497999999938;0,302497999999938
3,63199999999996;0,331711999999937;0,331711999999937
3,64999999999996;0,361249999999936;0,361249999999936
3,66799999999996;0,391111999999935;0,391111999999935
3,68599999999996;0,421297999999934;0,421297999999934
3,70399999999996;0,451807999999933;0,451807999999933
3,72199999999996;0,482641999999932;0,482641999999932
3,73999999999996;0,513799999999931;0,513799999999931
3,75799999999996;0,54528199999993;0,54528199999993
3,77599999999996;0,577087999999929;0,577087999999929
3,79399999999996;0,609217999999927;0,609217999999928
3,81199999999996;0,641671999999926;0,641671999999927
3,82999999999996;0,674449999999926;0,674449999999925
3,84799999999996;0,707551999999924;0,707551999999924
3,86599999999996;0,740977999999923;0,740977999999923
3,88399999999996;0,774727999999922;0,774727999999922
3,90199999999996;0,808801999999921;0,808801999999921
3,91999999999996;0,84319999999992;0,84319999999992
3,93799999999996;0,877921999999918;0,877921999999919
3,95599999999996;0,912967999999918;0,912967999999917
3,97399999999996;0,948337999999916;0,948337999999916
3,99199999999996;0,984031999999915;0,984031999999915
4,00999999999996;1,02004999999991;1,02004999999991
4,02799999999996;1,05639199999991;1,05639199999991
4,04599999999996;1,09305799999991;1,09305799999991
4,06399999999996;1,13004799999991;1,13004799999991
4,08199999999996;1,16736199999991;1,16736199999991
4,09999999999996;1,20499999999991;1,20499999999991
4,11799999999996;1,24296199999991;1,24296199999991
4,13599999999996;1,28124799999991;1,28124799999991
4,15399999999996;1,3198579999999;1,3198579999999
4,17199999999996;1,3587919999999;1,3587919999999
4,18999999999996;1,3980499999999;1,3980499999999
4,20799999999995;1,4376319999999;1,4376319999999
4,22599999999995;1,4775379999999;1,4775379999999
4,24399999999995;1,5177679999999;1,5177679999999
4,26199999999995;1,5583219999999;1,5583219999999
4,27999999999995;1,59919999999989;1,5991999999999
4,29799999999995;1,64040199999989;1,64040199999989
4,31599999999995;1,68192799999989;1,68192799999989
4,33399999999995;1,72377799999989;1,72377799999989
4,35199999999995;1,76595199999989;1,76595199999989
4,36999999999995;1,80844999999989;1,80844999999989
4,38799999999995;1,85127199999989;1,85127199999989
4,40599999999995;1,89441799999989;1,89441799999989
4,42399999999995;1,93788799999989;1,93788799999988
4,44199999999995;1,98168199999988;1,98168199999988
4,45999999999995;2,02579999999988;2,02579999999988
4,47799999999995;2,07024199999988;2,07024199999988
4,49599999999995;2,11500799999988;2,11500799999988
4,51399999999995;2,16009799999988;2,16009799999988
4,53199999999995;2,20551199999988;2,20551199999988
4,54999999999995;2,25124999999987;2,25124999999988
4,56799999999995;2,29731199999987;2,29731199999987
4,58599999999995;2,34369799999987;2,34369799999987
4,60399999999995;2,39040799999987;2,39040799999987
4,62199999999995;2,43744199999987;2,43744199999987
4,63999999999995;2,48479999999987;2,48479999999987
4,65799999999995;2,53248199999987;2,53248199999987
4,67599999999995;2,58048799999987;2,58048799999986
4,69399999999995;2,62881799999986;2,62881799999986
4,71199999999995;2,67747199999986;2,67747199999986
4,72999999999995;2,72644999999986;2,72644999999986
4,74799999999995;2,77575199999986;2,77575199999986
4,76599999999995;2,82537799999986;2,82537799999986
4,78399999999995;2,87532799999986;2,87532799999986
4,80199999999995;2,92560199999985;2,92560199999985
4,81999999999995;2,97619999999985;2,97619999999985
4,83799999999995;3,02712199999985;3,02712199999985
4,85599999999995;3,07836799999985;3,07836799999985
4,87399999999995;3,12993799999985;3,12993799999985
4,89199999999995;3,18183199999985;3,18183199999985
4,90999999999995;3,23404999999985;3,23404999999985
4,92799999999995;3,28659199999984;3,28659199999984
4,94599999999995;3,33945799999984;3,33945799999984
4,96399999999995;3,39264799999984;3,39264799999984
4,98199999999995;3,44616199999984;3,44616199999984
4,99999999999995;3,49999999999984;3,49999999999984
5,01799999999995;3,55416199999984;3,55416199999984
5,03599999999995;3,60864799999983;3,60864799999983
5,05399999999995;3,66345799999983;3,66345799999983
5,07199999999995;3,71859199999983;3,71859199999983
5,08999999999994;3,77404999999983;3,77404999999983
5,10799999999994;3,82983199999983;3,82983199999983
5,12599999999994;3,88593799999983;3,88593799999983
5,14399999999994;3,94236799999982;3,94236799999982
5,16199999999994;3,99912199999982;3,99912199999982
5,17999999999994;4,05619999999982;4,05619999999982
5,19799999999994;4,11360199999982;4,11360199999982
5,21599999999994;4,17132799999982;4,17132799999982
5,23399999999994;4,22937799999982;4,22937799999982
5,25199999999994;4,28775199999981;4,28775199999981
5,26999999999994;4,34644999999981;4,34644999999981
5,28799999999994;4,40547199999981;4,40547199999981
5,30599999999994;4,46481799999981;4,46481799999981
5,32399999999994;4,52448799999981;4,52448799999981
5,34199999999994;4,58448199999981;4,58448199999981
5,35999999999994;4,6447999999998;4,6447999999998
5,37799999999994;4,7054419999998;4,7054419999998
5,39599999999994;4,7664079999998;4,7664079999998
5,41399999999994;4,8276979999998;4,8276979999998
5,43199999999994;4,8893119999998;4,8893119999998
5,44999999999994;4,9512499999998;4,9512499999998
5,46799999999994;5,01351199999979;5,01351199999979
5,48599999999994;5,07609799999979;5,07609799999979
5,50399999999994;5,13900799999979;5,13900799999979
5,52199999999994;5,20224199999979;5,20224199999979
5,53999999999994;5,26579999999979;5,26579999999979
5,55799999999994;5,32968199999979;5,32968199999978
5,57599999999994;5,39388799999978;5,39388799999978
5,59399999999994;5,45841799999978;5,45841799999978
5,61199999999994;5,52327199999978;5,52327199999978
5,62999999999994;5,58844999999978;5,58844999999978
5,64799999999994;5,65395199999977;5,65395199999978
5,66599999999994;5,71977799999977;5,71977799999977
5,68399999999994;5,78592799999977;5,78592799999977
5,70199999999994;5,85240199999977;5,85240199999977
5,71999999999994;5,91919999999977;5,91919999999977
5,73799999999994;5,98632199999977;5,98632199999977
5,75599999999994;6,05376799999977;6,05376799999976
5,77399999999994;6,12153799999976;6,12153799999976
5,79199999999994;6,18963199999976;6,18963199999976
5,80999999999994;6,25804999999976;6,25804999999976
5,82799999999994;6,32679199999976;6,32679199999976
5,84599999999994;6,39585799999976;6,39585799999975
5,86399999999994;6,46524799999975;6,46524799999975
5,88199999999994;6,53496199999975;6,53496199999975
5,89999999999994;6,60499999999975;6,60499999999975
5,91799999999994;6,67536199999975;6,67536199999975
5,93599999999994;6,74604799999974;6,74604799999974
5,95399999999993;6,81705799999974;6,81705799999974
5,97199999999993;6,88839199999974;6,88839199999974
5,98999999999993;6,96004999999974;6,96004999999974
6,00799999999993;7,03203199999974;7,03203199999974
6,02599999999993;7,10433799999974;7,10433799999973
6,04399999999993;7,17696799999973;7,17696799999973
6,06199999999993;7,24992199999973;7,24992199999973
6,07999999999993;7,32319999999973;7,32319999999973
6,09799999999993;7,39680199999973;7,39680199999973
6,11599999999993;7,47072799999973;7,47072799999972
6,13399999999993;7,54497799999972;7,54497799999972
6,15199999999993;7,61955199999972;7,61955199999972
6,16999999999993;7,69444999999972;7,69444999999972
6,18799999999993;7,76967199999972;7,76967199999972
6,20599999999993;7,84521799999971;7,84521799999971
6,22399999999993;7,92108799999971;7,92108799999971
6,24199999999993;7,99728199999971;7,99728199999971
6,25999999999993;8,07379999999971;8,07379999999971
6,27799999999993;8,15064199999971;8,15064199999971
6,29599999999993;8,2278079999997;8,2278079999997
6,31399999999993;8,3052979999997;8,3052979999997
6,33199999999993;8,3831119999997;8,3831119999997
6,34999999999993;8,4612499999997;8,4612499999997
6,36799999999993;8,53971199999969;8,53971199999969
6,38599999999993;8,61849799999969;8,61849799999969
6,40399999999993;8,69760799999969;8,69760799999969
6,42199999999993;8,77704199999969;8,77704199999969
6,43999999999993;8,85679999999969;8,85679999999969
6,45799999999993;8,93688199999968;8,93688199999968
6,47599999999993;9,01728799999968;9,01728799999968
6,49399999999993;9,09801799999968;9,09801799999968
6,51199999999993;9,17907199999968;9,17907199999968
6,52999999999993;9,26044999999968;9,26044999999968
6,54799999999993;9,34215199999967;9,34215199999967
6,56599999999993;9,42417799999967;9,42417799999967
6,58399999999993;9,50652799999967;9,50652799999967
6,60199999999993;9,58920199999967;9,58920199999967
6,61999999999993;9,67219999999966;9,67219999999966
6,63799999999993;9,75552199999966;9,75552199999966
6,65599999999993;9,83916799999966;9,83916799999966
6,67399999999993;9,92313799999966;9,92313799999966
6,69199999999993;10,0074319999997;10,0074319999997
6,70999999999993;10,0920499999997;10,0920499999997
6,72799999999993;10,1769919999996;10,1769919999997
6,74599999999993;10,2622579999996;10,2622579999996
6,76399999999993;10,3478479999996;10,3478479999996
6,78199999999993;10,4337619999996;10,4337619999996
6,79999999999993;10,5199999999996;10,5199999999996
6,81799999999993;10,6065619999996;10,6065619999996
6,83599999999992;10,6934479999996;10,6934479999996
6,85399999999992;10,7806579999996;10,7806579999996
6,87199999999992;10,8681919999996;10,8681919999996
6,88999999999992;10,9560499999996;10,9560499999996
6,90799999999992;11,0442319999996;11,0442319999996
6,92599999999992;11,1327379999996;11,1327379999996
6,94399999999992;11,2215679999996;11,2215679999996
6,96199999999992;11,3107219999996;11,3107219999996
6,97999999999992;11,4001999999996;11,4001999999996
6,99799999999992;11,4900019999996;11,4900019999996
7,01599999999992;11,5801279999996;11,5801279999996
7,03399999999992;11,6705779999996;11,6705779999996
7,05199999999992;11,7613519999996;11,7613519999996
7,06999999999992;11,8524499999996;11,8524499999996
7,08799999999992;11,9438719999996;11,9438719999996
7,10599999999992;12,0356179999996;12,0356179999996
7,12399999999992;12,1276879999996;12,1276879999996
7,14199999999992;12,2200819999996;12,2200819999996
7,15999999999992;12,3127999999996;12,3127999999996
7,17799999999992;12,4058419999996;12,4058419999996
7,19599999999992;12,4992079999996;12,4992079999996
7,21399999999992;12,5928979999996;12,5928979999996
7,23199999999992;12,6869119999996;12,6869119999996
7,24999999999992;12,7812499999996;12,7812499999996
7,26799999999992;12,8759119999996;12,8759119999996
7,28599999999992;12,9708979999996;12,9708979999996
7,30399999999992;13,0662079999996;13,0662079999996
7,32199999999992;13,1618419999996;13,1618419999996
7,33999999999992;13,2577999999996;13,2577999999996
7,35799999999992;13,3540819999996;13,3540819999996
7,37599999999992;13,4506879999996;13,4506879999996
7,39399999999992;13,5476179999996;13,5476179999996
7,41199999999992;13,6448719999996;13,6448719999996
7,42999999999992;13,7424499999996;13,7424499999996
7,44799999999992;13,8403519999996;13,8403519999996
7,46599999999992;13,9385779999995;13,9385779999996
7,48399999999992;14,0371279999995;14,0371279999995
7,50199999999992;14,1360019999995;14,1360019999995
7,51999999999992;14,2351999999995;14,2351999999995
7,53799999999992;14,3347219999995;14,3347219999995
7,55599999999992;14,4345679999995;14,4345679999995
7,57399999999992;14,5347379999995;14,5347379999995
7,59199999999992;14,6352319999995;14,6352319999995
7,60999999999992;14,7360499999995;14,7360499999995
7,62799999999992;14,8371919999995;14,8371919999995
7,64599999999992;14,9386579999995;14,9386579999995
7,66399999999992;15,0404479999995;15,0404479999995
7,68199999999992;15,1425619999995;15,1425619999995
7,69999999999991;15,2449999999995;15,2449999999995
7,71799999999991;15,3477619999995;15,3477619999995
7,73599999999991;15,4508479999995;15,4508479999995
7,75399999999991;15,5542579999995;15,5542579999995
7,77199999999991;15,6579919999995;15,6579919999995
7,78999999999991;15,7620499999995;15,7620499999995
7,80799999999991;15,8664319999995;15,8664319999995
7,82599999999991;15,9711379999995;15,9711379999995
7,84399999999991;16,0761679999995;16,0761679999995
7,86199999999991;16,1815219999995;16,1815219999995
7,87999999999991;16,2871999999995;16,2871999999995
7,89799999999991;16,3932019999995;16,3932019999995
7,91599999999991;16,4995279999995;16,4995279999995
7,93399999999991;16,6061779999995;16,6061779999995
7,95199999999991;16,7131519999995;16,7131519999995
7,96999999999991;16,8204499999995;16,8204499999995
7,98799999999991;16,9280719999995;16,9280719999995
8,00599999999991;17,0360179999995;17,0360179999995
8,02399999999991;17,1442879999995;17,1442879999995
8,04199999999991;17,2528819999995;17,2528819999995
8,05999999999991;17,3617999999995;17,3617999999995
8,07799999999991;17,4710419999995;17,4710419999995
8,09599999999991;17,5806079999995;17,5806079999995
8,11399999999992;17,6904979999995;17,6904979999995
8,13199999999992;17,8007119999995;17,8007119999995
8,14999999999992;17,9112499999995;17,9112499999995
8,16799999999992;18,0221119999995;18,0221119999995
8,18599999999992;18,1332979999995;18,1332979999995
8,20399999999992;18,2448079999995;18,2448079999995
8,22199999999992;18,3566419999995;18,3566419999995
8,23999999999992;18,4687999999995;18,4687999999995
8,25799999999992;18,5812819999995;18,5812819999995
8,27599999999992;18,6940879999995;18,6940879999995
8,29399999999992;18,8072179999995;18,8072179999995
8,31199999999992;18,9206719999995;18,9206719999995
8,32999999999992;19,0344499999995;19,0344499999995
8,34799999999992;19,1485519999995;19,1485519999995
8,36599999999993;19,2629779999995;19,2629779999995
8,38399999999993;19,3777279999995;19,3777279999995
8,40199999999993;19,4928019999995;19,4928019999995
8,41999999999993;19,6081999999995;19,6081999999995
8,43799999999993;19,7239219999995;19,7239219999995
8,45599999999993;19,8399679999995;19,8399679999995
8,47399999999993;19,9563379999995;19,9563379999995
8,49199999999993;20,0730319999995;20,0730319999995
8,50999999999993;20,1900499999995;20,1900499999995
8,52799999999993;20,3073919999996;20,3073919999996
8,54599999999993;20,4250579999996;20,4250579999996
8,56399999999993;20,5430479999996;20,5430479999996
8,58199999999993;20,6613619999996;20,6613619999996
8,59999999999993;20,7799999999996;20,7799999999996
8,61799999999993;20,8989619999996;20,8989619999996
8,63599999999994;21,0182479999996;21,0182479999996
8,65399999999994;21,1378579999996;21,1378579999996
8,67199999999994;21,2577919999996;21,2577919999996
8,68999999999994;21,3780499999996;21,3780499999996
8,70799999999994;21,4986319999996;21,4986319999996
8,72599999999994;21,6195379999996;21,6195379999996
8,74399999999994;21,7407679999996;21,7407679999996
8,76199999999994;21,8623219999996;21,8623219999996
8,77999999999994;21,9841999999996;21,9841999999996
8,79799999999994;22,1064019999996;22,1064019999996
8,81599999999994;22,2289279999996;22,2289279999996
8,83399999999994;22,3517779999996;22,3517779999996
8,85199999999994;22,4749519999996;22,4749519999996
8,86999999999994;22,5984499999996;22,5984499999996
8,88799999999994;22,7222719999996;22,7222719999996
8,90599999999995;22,8464179999996;22,8464179999996
8,92399999999995;22,9708879999996;22,9708879999996
8,94199999999995;23,0956819999996;23,0956819999996
8,95999999999995;23,2207999999996;23,2207999999996
8,97799999999995;23,3462419999996;23,3462419999996
8,99599999999995;23,4720079999996;23,4720079999996
9,01399999999995;23,5980979999996;23,5980979999996
9,03199999999995;23,7245119999996;23,7245119999996
9,04999999999995;23,8512499999997;23,8512499999997
9,06799999999995;23,9783119999997;23,9783119999997
9,08599999999995;24,1056979999997;24,1056979999997
9,10399999999995;24,2334079999997;24,2334079999997
9,12199999999995;24,3614419999997;24,3614419999997
9,13999999999995;24,4897999999997;24,4897999999997
9,15799999999996;24,6184819999997;24,6184819999997
9,17599999999996;24,7474879999997;24,7474879999997
9,19399999999996;24,8768179999997;24,8768179999997
9,21199999999996;25,0064719999997;25,0064719999997
9,22999999999996;25,1364499999997;25,1364499999997
9,24799999999996;25,2667519999997;25,2667519999997
9,26599999999996;25,3973779999997;25,3973779999997
9,28399999999996;25,5283279999997;25,5283279999997
9,30199999999996;25,6596019999997;25,6596019999997
9,31999999999996;25,7911999999997;25,7911999999997
9,33799999999996;25,9231219999997;25,9231219999997
9,35599999999996;26,0553679999997;26,0553679999997
9,37399999999996;26,1879379999997;26,1879379999997
9,39199999999996;26,3208319999997;26,3208319999997
9,40999999999996;26,4540499999997;26,4540499999997
9,42799999999997;26,5875919999997;26,5875919999997
9,44599999999997;26,7214579999998;26,7214579999997
9,46399999999997;26,8556479999998;26,8556479999998
9,48199999999997;26,9901619999998;26,9901619999998
9,49999999999997;27,1249999999998;27,1249999999998
9,51799999999997;27,2601619999998;27,2601619999998
9,53599999999997;27,3956479999998;27,3956479999998
9,55399999999997;27,5314579999998;27,5314579999998
9,57199999999997;27,6675919999998;27,6675919999998
9,58999999999997;27,8040499999998;27,8040499999998
9,60799999999997;27,9408319999998;27,9408319999998
9,62599999999997;28,0779379999998;28,0779379999998
9,64399999999997;28,2153679999998;28,2153679999998
9,66199999999997;28,3531219999998;28,3531219999998
9,67999999999997;28,4911999999998;28,4911999999998
9,69799999999998;28,6296019999998;28,6296019999998
9,71599999999998;28,7683279999998;28,7683279999998
9,73399999999998;28,9073779999998;28,9073779999998
9,75199999999998;29,0467519999998;29,0467519999998
9,76999999999998;29,1864499999998;29,1864499999998
9,78799999999998;29,3264719999998;29,3264719999998
9,80599999999998;29,4668179999998;29,4668179999998
9,82399999999998;29,6074879999998;29,6074879999998
9,84199999999998;29,7484819999999;29,7484819999999
9,85999999999998;29,8897999999999;29,8897999999999
9,87799999999998;30,0314419999999;30,0314419999999
9,89599999999998;30,1734079999999;30,1734079999999
9,91399999999998;30,3156979999999;30,3156979999999
9,93199999999998;30,4583119999999;30,4583119999999
9,94999999999999;30,6012499999999;30,6012499999999
9,96799999999999;30,7445119999999;30,7445119999999
9,98599999999999;30,8880979999999;30,8880979999999
10,004;31,0320079999999;31,0320079999999
10,022;31,1762419999999;31,1762419999999
10,04;31,3207999999999;31,3207999999999
10,058;31,4656819999999;31,4656819999999
10,076;31,6108879999999;31,6108879999999
10,094;31,7564179999999;31,7564179999999
10,112;31,9022719999999;31,9022719999999
10,13;32,0484499999999;32,0484499999999
10,148;32,1949519999999;32,1949519999999
10,166;32,3417779999999;32,3417779999999
10,184;32,488928;32,488928
10,202;32,636402;32,636402
10,22;32,7842;32,7842
10,238;32,932322;32,932322
10,256;33,080768;33,080768
10,274;33,229538;33,229538
10,292;33,378632;33,378632
10,31;33,52805;33,52805
10,328;33,677792;33,677792
10,346;33,827858;33,827858
10,364;33,978248;33,978248
10,382;34,128962;34,128962
10,4;34,28;34,28
10,418;34,431362;34,431362
10,436;34,583048;34,583048
10,454;34,735058;34,735058
10,472;34,887392;34,887392
10,49;35,0400500000001;35,0400500000001
10,508;35,1930320000001;35,1930320000001
10,526;35,3463380000001;35,3463380000001
10,544;35,4999680000001;35,4999680000001
10,562;35,6539220000001;35,6539220000001
10,58;35,8082000000001;35,8082000000001
10,598;35,9628020000001;35,9628020000001
10,616;36,1177280000001;36,1177280000001
10,634;36,2729780000001;36,2729780000001
10,652;36,4285520000001;36,4285520000001
10,67;36,5844500000001;36,5844500000001
10,688;36,7406720000001;36,7406720000001
10,706;36,8972180000001;36,8972180000001
10,724;37,0540880000001;37,0540880000001
10,742;37,2112820000001;37,2112820000001
10,76;37,3688000000001;37,3688000000001
10,778;37,5266420000001;37,5266420000001
10,796;37,6848080000002;37,6848080000002
10,814;37,8432980000002;37,8432980000002
10,832;38,0021120000002;38,0021120000002
10,85;38,1612500000002;38,1612500000002
10,868;38,3207120000002;38,3207120000002
10,886;38,4804980000002;38,4804980000002
10,904;38,6406080000002;38,6406080000002
10,922;38,8010420000002;38,8010420000002
10,94;38,9618000000002;38,9618000000002
10,958;39,1228820000002;39,1228820000002
10,976;39,2842880000002;39,2842880000002
10,994;39,4460180000002;39,4460180000002
11,012;39,6080720000002;39,6080720000002
11,03;39,7704500000002;39,7704500000002
11,048;39,9331520000002;39,9331520000002
11,066;40,0961780000003;40,0961780000003
11,084;40,2595280000003;40,2595280000003
11,102;40,4232020000003;40,4232020000003
11,12;40,5872000000003;40,5872000000003
11,138;40,7515220000003;40,7515220000003
11,156;40,9161680000003;40,9161680000003
11,174;41,0811380000003;41,0811380000003
11,192;41,2464320000003;41,2464320000003
11,21;41,4120500000003;41,4120500000003
11,228;41,5779920000003;41,5779920000003
11,246;41,7442580000003;41,7442580000003
11,264;41,9108480000003;41,9108480000003
11,282;42,0777620000003;42,0777620000003
11,3;42,2450000000003;42,2450000000003
11,318;42,4125620000003;42,4125620000003
11,336;42,5804480000004;42,5804480000004
11,354;42,7486580000004;42,7486580000004
11,372;42,9171920000004;42,9171920000004
11,39;43,0860500000004;43,0860500000004
11,408;43,2552320000004;43,2552320000004
11,426;43,4247380000004;43,4247380000004
11,444;43,5945680000004;43,5945680000004
11,462;43,7647220000004;43,7647220000004
11,48;43,9352000000004;43,9352000000004
11,498;44,1060020000004;44,1060020000004
11,516;44,2771280000004;44,2771280000004
11,534;44,4485780000004;44,4485780000004
11,552;44,6203520000004;44,6203520000004
11,57;44,7924500000005;44,7924500000004
11,588;44,9648720000004;44,9648720000005
11,606;45,1376180000005;45,1376180000005
11,624;45,3106880000005;45,3106880000005
11,642;45,4840820000005;45,4840820000005
11,66;45,6578000000005;45,6578000000005
11,6780000000001;45,8318420000005;45,8318420000005
11,6960000000001;46,0062080000005;46,0062080000005
11,7140000000001;46,1808980000005;46,1808980000005
11,7320000000001;46,3559120000005;46,3559120000005
11,7500000000001;46,5312500000005;46,5312500000005
11,7680000000001;46,7069120000005;46,7069120000005
11,7860000000001;46,8828980000005;46,8828980000005
11,8040000000001;47,0592080000005;47,0592080000005
11,8220000000001;47,2358420000006;47,2358420000006
11,8400000000001;47,4128000000006;47,4128000000006
11,8580000000001;47,5900820000006;47,5900820000006
11,8760000000001;47,7676880000006;47,7676880000006
11,8940000000001;47,9456180000006;47,9456180000006
11,9120000000001;48,1238720000006;48,1238720000006
11,9300000000001;48,3024500000006;48,3024500000006
11,9480000000001;48,4813520000006;48,4813520000006
11,9660000000001;48,6605780000006;48,6605780000006
11,9840000000001;48,8401280000006;48,8401280000006
12,0020000000001;49,0200020000006;49,0200020000006
12,0200000000001;49,2002000000006;49,2002000000006
12,0380000000001;49,3807220000006;49,3807220000006
12,0560000000001;49,5615680000007;49,5615680000007
12,0740000000001;49,7427380000007;49,7427380000007
12,0920000000001;49,9242320000007;49,9242320000007
12,1100000000001;50,1060500000007;50,1060500000007
12,1280000000001;50,2881920000007;50,2881920000007
12,1460000000001;50,4706580000007;50,4706580000007
12,1640000000001;50,6534480000007;50,6534480000007
12,1820000000001;50,8365620000007;50,8365620000007
12,2000000000001;51,0200000000007;51,0200000000007
12,2180000000001;51,2037620000007;51,2037620000007
12,2360000000001;51,3878480000007;51,3878480000007
12,2540000000001;51,5722580000007;51,5722580000007
12,2720000000001;51,7569920000008;51,7569920000008
12,2900000000001;51,9420500000008;51,9420500000008
12,3080000000001;52,1274320000008;52,1274320000008
12,3260000000001;52,3131380000008;52,3131380000008
12,3440000000001;52,4991680000008;52,4991680000008
12,3620000000001;52,6855220000008;52,6855220000008
12,3800000000001;52,8722000000008;52,8722000000008
12,3980000000001;53,0592020000008;53,0592020000008
12,4160000000001;53,2465280000008;53,2465280000008
12,4340000000001;53,4341780000008;53,4341780000008
12,4520000000001;53,6221520000008;53,6221520000008
12,4700000000001;53,8104500000008;53,8104500000008
12,4880000000001;53,9990720000009;53,9990720000009
12,5060000000001;54,1880180000009;54,1880180000009
12,5240000000001;54,3772880000009;54,3772880000009
12,5420000000001;54,5668820000009;54,5668820000009
12,5600000000001;54,7568000000009;54,7568000000009
12,5780000000001;54,9470420000009;54,9470420000009
12,5960000000001;55,1376080000009;55,1376080000009
12,6140000000001;55,3284980000009;55,3284980000009
12,6320000000001;55,5197120000009;55,5197120000009
12,6500000000001;55,7112500000009;55,7112500000009
12,6680000000001;55,9031120000009;55,9031120000009
12,6860000000001;56,0952980000009;56,095298000001
12,7040000000001;56,287808000001;56,287808000001
12,7220000000001;56,480642000001;56,480642000001
12,7400000000001;56,673800000001;56,673800000001
12,7580000000001;56,867282000001;56,867282000001
12,7760000000001;57,061088000001;57,061088000001
12,7940000000001;57,255218000001;57,255218000001
12,8120000000001;57,449672000001;57,449672000001
12,8300000000001;57,644450000001;57,644450000001
12,8480000000001;57,839552000001;57,839552000001
12,8660000000001;58,034978000001;58,034978000001
12,8840000000001;58,230728000001;58,2307280000011
12,9020000000001;58,4268020000011;58,4268020000011
12,9200000000001;58,6232000000011;58,6232000000011
12,9380000000001;58,8199220000011;58,8199220000011
12,9560000000001;59,0169680000011;59,0169680000011
12,9740000000001;59,2143380000011;59,2143380000011
12,9920000000001;59,4120320000011;59,4120320000011
13,0100000000001;59,6100500000011;59,6100500000011
13,0280000000001;59,8083920000011;59,8083920000011
13,0460000000001;60,0070580000011;60,0070580000011
13,0640000000001;60,2060480000011;60,2060480000011
13,0820000000001;60,4053620000012;60,4053620000011
13,1000000000001;60,6050000000012;60,6050000000012
13,1180000000001;60,8049620000012;60,8049620000012
13,1360000000001;61,0052480000012;61,0052480000012
13,1540000000001;61,2058580000012;61,2058580000012
13,1720000000001;61,4067920000012;61,4067920000012
13,1900000000001;61,6080500000012;61,6080500000012
13,2080000000001;61,8096320000012;61,8096320000012
13,2260000000001;62,0115380000012;62,0115380000012
13,2440000000001;62,2137680000012;62,2137680000012
13,2620000000001;62,4163220000013;62,4163220000012
13,2800000000001;62,6192000000013;62,6192000000013
13,2980000000001;62,8224020000013;62,8224020000013
13,3160000000001;63,0259280000013;63,0259280000013
13,3340000000001;63,2297780000013;63,2297780000013
13,3520000000001;63,4339520000013;63,4339520000013
13,3700000000001;63,6384500000013;63,6384500000013
13,3880000000001;63,8432720000013;63,8432720000013
13,4060000000001;64,0484180000013;64,0484180000013
13,4240000000001;64,2538880000013;64,2538880000013
13,4420000000001;64,4596820000014;64,4596820000013
13,4600000000001;64,6658000000014;64,6658000000014
13,4780000000001;64,8722420000014;64,8722420000014
13,4960000000001;65,0790080000014;65,0790080000014
13,5140000000001;65,2860980000014;65,2860980000014
13,5320000000001;65,4935120000014;65,4935120000014
13,5500000000001;65,7012500000014;65,7012500000014
13,5680000000001;65,9093120000014;65,9093120000014
13,5860000000001;66,1176980000014;66,1176980000014
13,6040000000001;66,3264080000014;66,3264080000014
13,6220000000001;66,5354420000014;66,5354420000014
13,6400000000001;66,7448000000014;66,7448000000014
13,6580000000001;66,9544820000015;66,9544820000015
13,6760000000001;67,1644880000015;67,1644880000015
13,6940000000001;67,3748180000015;67,3748180000015
13,7120000000001;67,5854720000015;67,5854720000015
13,7300000000001;67,7964500000015;67,7964500000015
13,7480000000001;68,0077520000015;68,0077520000015
13,7660000000001;68,2193780000015;68,2193780000015
13,7840000000001;68,4313280000015;68,4313280000015
13,8020000000001;68,6436020000016;68,6436020000016
13,8200000000001;68,8562000000016;68,8562000000016
13,8380000000001;69,0691220000016;69,0691220000016
13,8560000000001;69,2823680000016;69,2823680000016
13,8740000000001;69,4959380000016;69,4959380000016
13,8920000000001;69,7098320000016;69,7098320000016
13,9100000000001;69,9240500000016;69,9240500000016
13,9280000000001;70,1385920000016;70,1385920000016
13,9460000000001;70,3534580000016;70,3534580000016
13,9640000000001;70,5686480000016;70,5686480000016
13,9820000000001;70,7841620000017;70,7841620000017
