x;y_myfunction;y_fromLibrary
-4;5;5
-3,982;4,982;4,982
-3,964;4,964;4,964
-3,946;4,946;4,946
-3,928;4,928;4,928
-3,91;4,91;4,91
-3,892;4,892;4,892
-3,874;4,874;4,874
-3,856;4,856;4,856
-3,838;4,838;4,838
-3,82;4,82;4,82
-3,802;4,802;4,802
-3,784;4,784;4,784
-3,766;4,766;4,766
-3,748;4,748;4,748
-3,73;4,73;4,73
-3,712;4,712;4,712
-3,694;4,694;4,694
-3,676;4,676;4,676
-3,658;4,658;4,658
-3,64;4,64;4,64
-3,622;4,622;4,622
-3,604;4,604;4,604
-3,586;4,586;4,586
-3,568;4,568;4,568
-3,55000000000001;4,55000000000001;4,55000000000001
-3,53200000000001;4,53200000000001;4,53200000000001
-3,51400000000001;4,51400000000001;4,51400000000001
-3,49600000000001;4,49600000000001;4,49600000000001
-3,47800000000001;4,47800000000001;4,47800000000001
-3,46000000000001;4,46000000000001;4,46000000000001
-3,44200000000001;4,44200000000001;4,44200000000001
-3,42400000000001;4,42400000000001;4,42400000000001
-3,40600000000001;4,40600000000001;4,40600000000001
-3,38800000000001;4,38800000000001;4,38800000000001
-3,37000000000001;4,37000000000001;4,37000000000001
-3,35200000000001;4,35200000000001;4,35200000000001
-3,33400000000001;4,33400000000001;4,33400000000001
-3,31600000000001;4,31600000000001;4,31600000000001
-3,29800000000001;4,29800000000001;4,29800000000001
-3,28000000000001;4,28000000000001;4,28000000000001
-3,26200000000001;4,26200000000001;4,26200000000001
-3,24400000000001;4,24400000000001;4,24400000000001
-3,22600000000001;4,22600000000001;4,22600000000001
-3,20800000000001;4,20800000000001;4,20800000000001
-3,19000000000001;4,19000000000001;4,19000000000001
-3,17200000000001;4,17200000000001;4,17200000000001
-3,15400000000001;4,15400000000001;4,15400000000001
-3,13600000000001;4,13600000000001;4,13600000000001
-3,11800000000001;4,11800000000001;4,11800000000001
-3,10000000000001;4,10000000000001;4,10000000000001
-3,08200000000001;4,08200000000001;4,08200000000001
-3,06400000000001;4,06400000000001;4,06400000000001
-3,04600000000001;4,04600000000001;4,04600000000001
-3,02800000000001;4,02800000000001;4,02800000000001
-3,01000000000001;4,01000000000001;4,01000000000001
-2,99200000000001;3,99200000000001;3,99200000000001
-2,97400000000001;3,97400000000001;3,97400000000001
-2,95600000000001;3,95600000000001;3,95600000000001
-2,93800000000001;3,93800000000001;3,93800000000001
-2,92000000000001;3,92000000000001;3,92000000000001
-2,90200000000001;3,90200000000001;3,90200000000001
-2,88400000000001;3,88400000000001;3,88400000000001
-2,86600000000001;3,86600000000001;3,86600000000001
-2,84800000000001;3,84800000000001;3,84800000000001
-2,83000000000001;3,83000000000001;3,83000000000001
-2,81200000000001;3,81200000000001;3,81200000000001
-2,79400000000001;3,79400000000001;3,79400000000001
-2,77600000000001;3,77600000000001;3,77600000000001
-2,75800000000001;3,75800000000001;3,75800000000001
-2,74000000000001;3,74000000000001;3,74000000000001
-2,72200000000001;3,72200000000001;3,72200000000001
-2,70400000000001;3,70400000000001;3,70400000000001
-2,68600000000002;3,68600000000002;3,68600000000002
-2,66800000000002;3,66800000000002;3,66800000000002
-2,65000000000002;3,65000000000002;3,65000000000002
-2,63200000000002;3,63200000000002;3,63200000000002
-2,61400000000002;3,61400000000002;3,61400000000002
-2,59600000000002;3,59600000000002;3,59600000000002
-2,57800000000002;3,57800000000002;3,57800000000002
-2,56000000000002;3,56000000000002;3,56000000000002
-2,54200000000002;3,54200000000002;3,54200000000002
-2,52400000000002;3,52400000000002;3,52400000000002
-2,50600000000002;3,50600000000002;3,50600000000002
-2,48800000000002;3,48800000000002;3,48800000000002
-2,47000000000002;3,47000000000002;3,47000000000002
-2,45200000000002;3,45200000000002;3,45200000000002
-2,43400000000002;3,43400000000002;3,43400000000002
-2,41600000000002;3,41600000000002;3,41600000000002
-2,39800000000002;3,39800000000002;3,39800000000002
-2,38000000000002;3,38000000000002;3,38000000000002
-2,36200000000002;3,36200000000002;3,36200000000002
-2,34400000000002;3,34400000000002;3,34400000000002
-2,32600000000002;3,32600000000002;3,32600000000002
-2,30800000000002;3,30800000000002;3,30800000000002
-2,29000000000002;3,29000000000002;3,29000000000002
-2,27200000000002;3,27200000000002;3,27200000000002
-2,25400000000002;3,25400000000002;3,25400000000002
-2,23600000000002;3,23600000000002;3,23600000000002
-2,21800000000002;3,21800000000002;3,21800000000002
-2,20000000000002;3,20000000000002;3,20000000000002
-2,18200000000002;3,18200000000002;3,18200000000002
-2,16400000000002;3,16400000000002;3,16400000000002
-2,14600000000002;3,14600000000002;3,14600000000002
-2,12800000000002;3,12800000000002;3,12800000000002
-2,11000000000002;3,11000000000002;3,11000000000002
-2,09200000000002;3,09200000000002;3,09200000000002
-2,07400000000002;3,07400000000002;3,07400000000002
-2,05600000000002;3,05600000000002;3,05600000000002
-2,03800000000002;3,03800000000002;3,03800000000002
-2,02000000000002;3,02000000000002;3,02000000000002
-2,00200000000002;3,00200000000002;3,00200000000002
-1,98400000000002;2,98400000000002;2,98400000000002
-1,96600000000002;2,96600000000002;2,96600000000002
-1,94800000000002;2,94800000000002;2,94800000000002
-1,93000000000002;2,93000000000002;2,93000000000002
-1,91200000000002;2,91200000000002;2,91200000000002
-1,89400000000002;2,89400000000002;2,89400000000002
-1,87600000000002;2,87600000000002;2,87600000000002
-1,85800000000002;2,85800000000002;2,85800000000002
-1,84000000000002;2,84000000000002;2,84000000000002
-1,82200000000002;2,82200000000002;2,82200000000002
-1,80400000000002;2,80400000000002;2,80400000000002
-1,78600000000002;2,78600000000002;2,78600000000002
-1,76800000000002;2,76800000000002;2,76800000000002
-1,75000000000002;2,75000000000002;2,75000000000002
-1,73200000000002;2,73200000000002;2,73200000000002
-1,71400000000002;2,71400000000002;2,71400000000002
-1,69600000000002;2,69600000000002;2,69600000000002
-1,67800000000002;2,67800000000002;2,67800000000002
-1,66000000000002;2,66000000000002;2,66000000000002
-1,64200000000002;2,64200000000002;2,64200000000002
-1,62400000000002;2,62400000000002;2,62400000000002
-1,60600000000002;2,60600000000002;2,60600000000002
-1,58800000000002;2,58800000000002;2,58800000000002
-1,57000000000002;2,57000000000002;2,57000000000002
-1,55200000000002;2,55200000000002;2,55200000000002
-1,53400000000002;2,53400000000002;2,53400000000002
-1,51600000000002;2,51600000000002;2,51600000000002
-1,49800000000002;2,49800000000002;2,49800000000002
-1,48000000000002;2,48000000000002;2,48000000000002
-1,46200000000002;2,46200000000002;2,46200000000002
-1,44400000000002;2,44400000000002;2,44400000000002
-1,42600000000002;2,42600000000002;2,42600000000002
-1,40800000000002;2,40800000000002;2,40800000000002
-1,39000000000002;2,39000000000002;2,39000000000002
-1,37200000000002;2,37200000000002;2,37200000000002
-1,35400000000002;2,35400000000002;2,35400000000002
-1,33600000000002;2,33600000000002;2,33600000000002
-1,31800000000002;2,31800000000002;2,31800000000002
-1,30000000000002;2,30000000000002;2,30000000000002
-1,28200000000002;2,28200000000002;2,28200000000002
-1,26400000000002;2,26400000000002;2,26400000000002
-1,24600000000002;2,24600000000002;2,24600000000002
-1,22800000000002;2,22800000000002;2,22800000000002
-1,21000000000002;2,21000000000002;2,21000000000002
-1,19200000000002;2,19200000000002;2,19200000000002
-1,17400000000002;2,17400000000002;2,17400000000002
-1,15600000000002;2,15600000000002;2,15600000000002
-1,13800000000002;2,13800000000002;2,13800000000002
-1,12000000000002;2,12000000000002;2,12000000000002
-1,10200000000002;2,10200000000002;2,10200000000002
-1,08400000000002;2,08400000000002;2,08400000000002
-1,06600000000002;2,06600000000002;2,06600000000002
-1,04800000000002;2,04800000000002;2,04800000000002
-1,03000000000002;2,03000000000002;2,03000000000002
-1,01200000000002;2,01200000000002;2,01200000000002
-0,994000000000022;1,99400000000002;1,99400000000002
-0,976000000000022;1,97600000000002;1,97600000000002
-0,958000000000022;1,95800000000002;1,95800000000002
-0,940000000000022;1,94000000000002;1,94000000000002
-0,922000000000022;1,92200000000002;1,92200000000002
-0,904000000000022;1,90400000000002;1,90400000000002
-0,886000000000022;1,88600000000002;1,88600000000002
-0,868000000000022;1,86800000000002;1,86800000000002
-0,850000000000022;1,85000000000002;1,85000000000002
-0,832000000000022;1,83200000000002;1,83200000000002
-0,814000000000022;1,81400000000002;1,81400000000002
-0,796000000000022;1,79600000000002;1,79600000000002
-0,778000000000022;1,77800000000002;1,77800000000002
-0,760000000000022;1,76000000000002;1,76000000000002
-0,742000000000022;1,74200000000002;1,74200000000002
-0,724000000000022;1,72400000000002;1,72400000000002
-0,706000000000022;1,70600000000002;1,70600000000002
-0,688000000000022;1,68800000000002;1,68800000000002
-0,670000000000022;1,67000000000002;1,67000000000002
-0,652000000000022;1,65200000000002;1,65200000000002
-0,634000000000022;1,63400000000002;1,63400000000002
-0,616000000000022;1,61600000000002;1,61600000000002
-0,598000000000022;1,59800000000002;1,59800000000002
-0,580000000000022;1,58000000000002;1,58000000000002
-0,562000000000022;1,56200000000002;1,56200000000002
-0,544000000000022;1,54400000000002;1,54400000000002
-0,526000000000022;1,52600000000002;1,52600000000002
-0,508000000000022;1,50800000000002;1,50800000000002
-0,490000000000022;1,49000000000002;1,49000000000002
-0,472000000000022;1,47200000000002;1,47200000000002
-0,454000000000022;1,45400000000002;1,45400000000002
-0,436000000000021;1,43600000000002;1,43600000000002
-0,418000000000021;1,41800000000002;1,41800000000002
-0,400000000000021;1,40000000000002;1,40000000000002
-0,382000000000021;1,38200000000002;1,38200000000002
-0,364000000000021;1,36400000000002;1,36400000000002
-0,346000000000021;1,34600000000002;1,34600000000002
-0,328000000000021;1,32800000000002;1,32800000000002
-0,310000000000021;1,31000000000002;1,31000000000002
-0,292000000000021;1,29200000000002;1,29200000000002
-0,274000000000021;1,27400000000002;1,27400000000002
-0,256000000000021;1,25600000000002;1,25600000000002
-0,238000000000021;1,23800000000002;1,23800000000002
-0,220000000000021;1,22000000000002;1,22000000000002
-0,202000000000021;1,20200000000002;1,20200000000002
-0,184000000000021;1,18400000000002;1,18400000000002
-0,166000000000021;1,16600000000002;1,16600000000002
-0,148000000000021;1,14800000000002;1,14800000000002
-0,130000000000021;1,13000000000002;1,13000000000002
-0,112000000000021;1,11200000000002;1,11200000000002
-0,0940000000000214;1,09400000000002;1,09400000000002
-0,0760000000000214;1,07600000000002;1,07600000000002
-0,0580000000000214;1,05800000000002;1,05800000000002
-0,0400000000000214;1,04000000000002;1,04000000000002
-0,0220000000000214;1,02200000000002;1,02200000000002
-0,0040000000000214;1,00400000000002;1,00400000000002
0,0139999999999786;0,986000000000021;0,986000000000021
0,0319999999999786;0,968000000000021;0,968000000000021
0,0499999999999786;0,950000000000021;0,950000000000021
0,0679999999999786;0,932000000000021;0,932000000000021
0,0859999999999786;0,914000000000021;0,914000000000021
0,103999999999979;0,896000000000021;0,896000000000021
0,121999999999979;0,878000000000021;0,878000000000021
0,139999999999979;0,860000000000021;0,860000000000021
0,157999999999979;0,842000000000021;0,842000000000021
0,175999999999979;0,824000000000021;0,824000000000021
0,193999999999979;0,806000000000021;0,806000000000021
0,211999999999979;0,788000000000021;0,788000000000021
0,229999999999979;0,770000000000021;0,770000000000021
0,247999999999979;0,752000000000021;0,752000000000021
0,265999999999979;0,734000000000022;0,734000000000022
0,283999999999979;0,716000000000022;0,716000000000022
0,301999999999979;0,698000000000021;0,698000000000021
0,319999999999979;0,680000000000021;0,680000000000021
0,337999999999979;0,662000000000021;0,662000000000021
0,355999999999979;0,644000000000021;0,644000000000021
0,373999999999979;0,626000000000021;0,626000000000021
0,391999999999979;0,608000000000021;0,608000000000021
0,409999999999979;0,590000000000021;0,590000000000021
0,427999999999979;0,572000000000021;0,572000000000021
0,445999999999979;0,554000000000021;0,554000000000021
0,463999999999979;0,536000000000021;0,536000000000021
0,481999999999979;0,518000000000021;0,518000000000021
0,499999999999979;0,500000000000021;0,500000000000021
0,517999999999979;0,482000000000021;0,482000000000021
0,535999999999979;0,464000000000021;0,464000000000021
0,553999999999979;0,446000000000021;0,446000000000021
0,571999999999979;0,428000000000021;0,428000000000021
0,589999999999979;0,410000000000021;0,410000000000021
0,607999999999979;0,392000000000021;0,392000000000021
0,625999999999979;0,374000000000021;0,374000000000021
0,643999999999979;0,356000000000021;0,356000000000021
0,661999999999979;0,338000000000021;0,338000000000021
0,679999999999979;0,320000000000021;0,320000000000021
0,697999999999979;0,302000000000021;0,302000000000021
0,715999999999979;0,284000000000021;0,284000000000021
0,733999999999979;0,266000000000021;0,266000000000021
0,751999999999979;0,248000000000021;0,248000000000021
0,769999999999979;0,230000000000021;0,230000000000021
0,787999999999979;0,212000000000021;0,212000000000021
0,805999999999979;0,194000000000021;0,194000000000021
0,823999999999979;0,176000000000021;0,176000000000021
0,841999999999979;0,158000000000021;0,158000000000021
0,859999999999979;0,140000000000021;0,140000000000021
0,877999999999979;0,122000000000021;0,122000000000021
0,895999999999979;0,104000000000021;0,104000000000021
0,913999999999979;0,0860000000000209;0,0860000000000209
0,931999999999979;0,0680000000000209;0,0680000000000209
0,949999999999979;0,0500000000000209;0,0500000000000209
0,967999999999979;0,0320000000000209;0,0320000000000209
0,985999999999979;0,0140000000000209;0,0140000000000209
1,00399999999998;-0,00399999999997913;-0,00399999999997913
1,02199999999998;-0,0219999999999791;-0,0219999999999791
1,03999999999998;-0,0399999999999792;-0,0399999999999792
1,05799999999998;-0,0579999999999792;-0,0579999999999792
1,07599999999998;-0,0759999999999792;-0,0759999999999792
1,09399999999998;-0,0939999999999792;-0,0939999999999792
1,11199999999998;-0,111999999999979;-0,111999999999979
1,12999999999998;-0,129999999999979;-0,129999999999979
1,14799999999998;-0,147999999999979;-0,147999999999979
1,16599999999998;-0,165999999999979;-0,165999999999979
1,18399999999998;-0,183999999999979;-0,183999999999979
1,20199999999998;-0,201999999999979;-0,201999999999979
1,21999999999998;-0,219999999999979;-0,219999999999979
1,23799999999998;-0,237999999999979;-0,237999999999979
1,25599999999998;-0,255999999999979;-0,255999999999979
1,27399999999998;-0,273999999999979;-0,273999999999979
1,29199999999998;-0,291999999999979;-0,291999999999979
1,30999999999998;-0,309999999999979;-0,309999999999979
1,32799999999998;-0,327999999999979;-0,327999999999979
1,34599999999998;-0,345999999999979;-0,345999999999979
1,36399999999998;-0,363999999999979;-0,363999999999979
1,38199999999998;-0,381999999999979;-0,381999999999979
1,39999999999998;-0,399999999999979;-0,399999999999979
1,41799999999998;-0,41799999999998;-0,41799999999998
1,43599999999998;-0,43599999999998;-0,43599999999998
1,45399999999998;-0,45399999999998;-0,45399999999998
1,47199999999998;-0,47199999999998;-0,47199999999998
1,48999999999998;-0,48999999999998;-0,48999999999998
1,50799999999998;-0,50799999999998;-0,50799999999998
1,52599999999998;-0,52599999999998;-0,52599999999998
1,54399999999998;-0,54399999999998;-0,54399999999998
1,56199999999998;-0,56199999999998;-0,56199999999998
1,57999999999998;-0,57999999999998;-0,57999999999998
1,59799999999998;-0,59799999999998;-0,59799999999998
1,61599999999998;-0,61599999999998;-0,61599999999998
1,63399999999998;-0,63399999999998;-0,63399999999998
1,65199999999998;-0,65199999999998;-0,65199999999998
1,66999999999998;-0,66999999999998;-0,66999999999998
1,68799999999998;-0,68799999999998;-0,68799999999998
1,70599999999998;-0,70599999999998;-0,70599999999998
1,72399999999998;-0,72399999999998;-0,72399999999998
1,74199999999998;-0,74199999999998;-0,74199999999998
1,75999999999998;-0,75999999999998;-0,75999999999998
1,77799999999998;-0,77799999999998;-0,77799999999998
1,79599999999998;-0,79599999999998;-0,79599999999998
1,81399999999998;-0,81399999999998;-0,81399999999998
1,83199999999998;-0,83199999999998;-0,83199999999998
1,84999999999998;-0,84999999999998;-0,84999999999998
1,86799999999998;-0,86799999999998;-0,86799999999998
1,88599999999998;-0,88599999999998;-0,88599999999998
1,90399999999998;-0,90399999999998;-0,90399999999998
1,92199999999998;-0,92199999999998;-0,92199999999998
1,93999999999998;-0,93999999999998;-0,93999999999998
1,95799999999998;-0,95799999999998;-0,95799999999998
1,97599999999998;-0,97599999999998;-0,97599999999998
1,99399999999998;-0,99399999999998;-0,99399999999998
2,01199999999998;-1,01199999999998;-1,01199999999998
2,02999999999998;-1,02999999999998;-1,02999999999998
2,04799999999998;-1,04799999999998;-1,04799999999998
2,06599999999998;-1,06599999999998;-1,06599999999998
2,08399999999998;-1,08399999999998;-1,08399999999998
2,10199999999998;-1,10199999999998;-1,10199999999998
2,11999999999998;-1,11999999999998;-1,11999999999998
2,13799999999998;-1,13799999999998;-1,13799999999998
2,15599999999998;-1,15599999999998;-1,15599999999998
2,17399999999998;-1,17399999999998;-1,17399999999998
2,19199999999998;-1,19199999999998;-1,19199999999998
2,20999999999998;-1,20999999999998;-1,20999999999998
2,22799999999998;-1,22799999999998;-1,22799999999998
2,24599999999998;-1,24599999999998;-1,24599999999998
2,26399999999998;-1,26399999999998;-1,26399999999998
2,28199999999998;-1,28199999999998;-1,28199999999998
2,29999999999998;-1,29999999999998;-1,29999999999998
2,31799999999998;-1,31799999999998;-1,31799999999998
2,33599999999998;-1,33599999999998;-1,33599999999998
2,35399999999998;-1,35399999999998;-1,35399999999998
2,37199999999998;-1,37199999999998;-1,37199999999998
2,38999999999998;-1,38999999999998;-1,38999999999998
2,40799999999998;-1,40799999999998;-1,40799999999998
2,42599999999998;-1,42599999999998;-1,42599999999998
2,44399999999998;-1,44399999999998;-1,44399999999998
2,46199999999997;-1,46199999999997;-1,46199999999997
2,47999999999997;-1,47999999999997;-1,47999999999997
2,49799999999997;-1,49799999999997;-1,49799999999997
2,51599999999997;-1,51599999999997;-1,51599999999997
2,53399999999997;-1,53399999999997;-1,53399999999997
2,55199999999997;-1,55199999999997;-1,55199999999997
2,56999999999997;-1,56999999999997;-1,56999999999997
2,58799999999997;-1,58799999999997;-1,58799999999997
2,60599999999997;-1,60599999999997;-1,60599999999997
2,62399999999997;-1,62399999999997;-1,62399999999997
2,64199999999997;-1,64199999999997;-1,64199999999997
2,65999999999997;-1,65999999999997;-1,65999999999997
2,67799999999997;-1,67799999999997;-1,67799999999997
2,69599999999997;-1,69599999999997;-1,69599999999997
2,71399999999997;-1,71399999999997;-1,71399999999997
2,73199999999997;-1,73199999999997;-1,73199999999997
2,74999999999997;-1,74999999999997;-1,74999999999997
2,76799999999997;-1,76799999999997;-1,76799999999997
2,78599999999997;-1,78599999999997;-1,78599999999997
2,80399999999997;-1,80399999999997;-1,80399999999997
2,82199999999997;-1,82199999999997;-1,82199999999997
2,83999999999997;-1,83999999999997;-1,83999999999997
2,85799999999997;-1,85799999999997;-1,85799999999997
2,87599999999997;-1,87599999999997;-1,87599999999997
2,89399999999997;-1,89399999999997;-1,89399999999997
2,91199999999997;-1,91199999999997;-1,91199999999997
2,92999999999997;-1,92999999999997;-1,92999999999997
2,94799999999997;-1,94799999999997;-1,94799999999997
2,96599999999997;-1,96599999999997;-1,96599999999997
2,98399999999997;-1,98399999999997;-1,98399999999997
3,00199999999997;-2,00199999999997;-2,00199999999997
3,01999999999997;-2,01999999999997;-2,01999999999997
3,03799999999997;-2,03799999999997;-2,03799999999997
3,05599999999997;-2,05599999999997;-2,05599999999997
3,07399999999997;-2,07399999999997;-2,07399999999997
3,09199999999997;-2,09199999999997;-2,09199999999997
3,10999999999997;-2,10999999999997;-2,10999999999997
3,12799999999997;-2,12799999999997;-2,12799999999997
3,14599999999997;-2,14599999999997;-2,14599999999997
3,16399999999997;-2,16399999999997;-2,16399999999997
3,18199999999997;-2,18199999999997;-2,18199999999997
3,19999999999997;-2,19999999999997;-2,19999999999997
3,21799999999997;-2,21799999999997;-2,21799999999997
3,23599999999997;-2,23599999999997;-2,23599999999997
3,25399999999997;-2,25399999999997;-2,25399999999997
3,27199999999997;-2,27199999999997;-2,27199999999997
3,28999999999997;-2,28999999999997;-2,28999999999997
3,30799999999997;-2,30799999999997;-2,30799999999997
3,32599999999997;-2,32599999999997;-2,32599999999997
3,34399999999996;-2,34399999999996;-2,34399999999996
3,36199999999996;-2,36199999999996;-2,36199999999996
3,37999999999996;-2,37999999999996;-2,37999999999996
3,39799999999996;-2,39799999999996;-2,39799999999996
3,41599999999996;-2,41599999999996;-2,41599999999996
3,43399999999996;-2,43399999999996;-2,43399999999996
3,45199999999996;-2,45199999999996;-2,45199999999996
3,46999999999996;-2,46999999999996;-2,46999999999996
3,48799999999996;-2,48799999999996;-2,48799999999996
3,50599999999996;-2,50599999999996;-2,50599999999996
3,52399999999996;-2,52399999999996;-2,52399999999996
3,54199999999996;-2,54199999999996;-2,54199999999996
3,55999999999996;-2,55999999999996;-2,55999999999996
3,57799999999996;-2,57799999999996;-2,57799999999996
3,59599999999996;-2,59599999999996;-2,59599999999996
3,61399999999996;-2,61399999999996;-2,61399999999996
3,63199999999996;-2,63199999999996;-2,63199999999996
3,64999999999996;-2,64999999999996;-2,64999999999996
3,66799999999996;-2,66799999999996;-2,66799999999996
3,68599999999996;-2,68599999999996;-2,68599999999996
3,70399999999996;-2,70399999999996;-2,70399999999996
3,72199999999996;-2,72199999999996;-2,72199999999996
3,73999999999996;-2,73999999999996;-2,73999999999996
3,75799999999996;-2,75799999999996;-2,75799999999996
3,77599999999996;-2,77599999999996;-2,77599999999996
3,79399999999996;-2,79399999999996;-2,79399999999996
3,81199999999996;-2,81199999999996;-2,81199999999996
3,82999999999996;-2,82999999999996;-2,82999999999996
3,84799999999996;-2,84799999999996;-2,84799999999996
3,86599999999996;-2,86599999999996;-2,86599999999996
3,88399999999996;-2,88399999999996;-2,88399999999996
3,90199999999996;-2,90199999999996;-2,90199999999996
3,91999999999996;-2,91999999999996;-2,91999999999996
3,93799999999996;-2,93799999999996;-2,93799999999996
3,95599999999996;-2,95599999999996;-2,95599999999996
3,97399999999996;-2,97399999999996;-2,97399999999996
3,99199999999996;-2,99199999999996;-2,99199999999996
4,00999999999996;-3,00999999999996;-3,00999999999996
4,02799999999996;-3,02799999999996;-3,02799999999996
4,04599999999996;-3,04599999999996;-3,04599999999996
4,06399999999996;-3,06399999999996;-3,06399999999996
4,08199999999996;-3,08199999999996;-3,08199999999996
4,09999999999996;-3,09999999999996;-3,09999999999996
4,11799999999996;-3,11799999999996;-3,11799999999996
4,13599999999996;-3,13599999999996;-3,13599999999996
4,15399999999996;-3,15399999999996;-3,15399999999996
4,17199999999996;-3,17199999999996;-3,17199999999996
4,18999999999996;-3,18999999999996;-3,18999999999996
4,20799999999995;-3,20799999999995;-3,20799999999995
4,22599999999995;-3,22599999999995;-3,22599999999995
4,24399999999995;-3,24399999999995;-3,24399999999995
4,26199999999995;-3,26199999999995;-3,26199999999995
4,27999999999995;-3,27999999999995;-3,27999999999995
4,29799999999995;-3,29799999999995;-3,29799999999995
4,31599999999995;-3,31599999999995;-3,31599999999995
4,33399999999995;-3,33399999999995;-3,33399999999995
4,35199999999995;-3,35199999999995;-3,35199999999995
4,36999999999995;-3,36999999999995;-3,36999999999995
4,38799999999995;-3,38799999999995;-3,38799999999995
4,40599999999995;-3,40599999999995;-3,40599999999995
4,42399999999995;-3,42399999999995;-3,42399999999995
4,44199999999995;-3,44199999999995;-3,44199999999995
4,45999999999995;-3,45999999999995;-3,45999999999995
4,47799999999995;-3,47799999999995;-3,47799999999995
4,49599999999995;-3,49599999999995;-3,49599999999995
4,51399999999995;-3,51399999999995;-3,51399999999995
4,53199999999995;-3,53199999999995;-3,53199999999995
4,54999999999995;-3,54999999999995;-3,54999999999995
4,56799999999995;-3,56799999999995;-3,56799999999995
4,58599999999995;-3,58599999999995;-3,58599999999995
4,60399999999995;-3,60399999999995;-3,60399999999995
4,62199999999995;-3,62199999999995;-3,62199999999995
4,63999999999995;-3,63999999999995;-3,63999999999995
4,65799999999995;-3,65799999999995;-3,65799999999995
4,67599999999995;-3,67599999999995;-3,67599999999995
4,69399999999995;-3,69399999999995;-3,69399999999995
4,71199999999995;-3,71199999999995;-3,71199999999995
4,72999999999995;-3,72999999999995;-3,72999999999995
4,74799999999995;-3,74799999999995;-3,74799999999995
4,76599999999995;-3,76599999999995;-3,76599999999995
4,78399999999995;-3,78399999999995;-3,78399999999995
4,80199999999995;-3,80199999999995;-3,80199999999995
4,81999999999995;-3,81999999999995;-3,81999999999995
4,83799999999995;-3,83799999999995;-3,83799999999995
4,85599999999995;-3,85599999999995;-3,85599999999995
4,87399999999995;-3,87399999999995;-3,87399999999995
4,89199999999995;-3,89199999999995;-3,89199999999995
4,90999999999995;-3,90999999999995;-3,90999999999995
4,92799999999995;-3,92799999999995;-3,92799999999995
4,94599999999995;-3,94599999999995;-3,94599999999995
4,96399999999995;-3,96399999999995;-3,96399999999995
4,98199999999995;-3,98199999999995;-3,98199999999995
4,99999999999995;-3,99999999999995;-3,99999999999995
5,01799999999995;-4,01799999999995;-4,01799999999995
5,03599999999995;-4,03599999999995;-4,03599999999995
5,05399999999995;-4,05399999999995;-4,05399999999995
5,07199999999995;-4,07199999999995;-4,07199999999995
5,08999999999994;-4,08999999999994;-4,08999999999994
5,10799999999994;-4,10799999999994;-4,10799999999994
5,12599999999994;-4,12599999999994;-4,12599999999994
5,14399999999994;-4,14399999999994;-4,14399999999994
5,16199999999994;-4,16199999999994;-4,16199999999994
5,17999999999994;-4,17999999999994;-4,17999999999994
5,19799999999994;-4,19799999999994;-4,19799999999994
5,21599999999994;-4,21599999999994;-4,21599999999994
5,23399999999994;-4,23399999999994;-4,23399999999994
5,25199999999994;-4,25199999999994;-4,25199999999994
5,26999999999994;-4,26999999999994;-4,26999999999994
5,28799999999994;-4,28799999999994;-4,28799999999994
5,30599999999994;-4,30599999999994;-4,30599999999994
5,32399999999994;-4,32399999999994;-4,32399999999994
5,34199999999994;-4,34199999999994;-4,34199999999994
5,35999999999994;-4,35999999999994;-4,35999999999994
5,37799999999994;-4,37799999999994;-4,37799999999994
5,39599999999994;-4,39599999999994;-4,39599999999994
5,41399999999994;-4,41399999999994;-4,41399999999994
5,43199999999994;-4,43199999999994;-4,43199999999994
5,44999999999994;-4,44999999999994;-4,44999999999994
5,46799999999994;-4,46799999999994;-4,46799999999994
5,48599999999994;-4,48599999999994;-4,48599999999994
5,50399999999994;-4,50399999999994;-4,50399999999994
5,52199999999994;-4,52199999999994;-4,52199999999994
5,53999999999994;-4,53999999999994;-4,53999999999994
5,55799999999994;-4,55799999999994;-4,55799999999994
5,57599999999994;-4,57599999999994;-4,57599999999994
5,59399999999994;-4,59399999999994;-4,59399999999994
5,61199999999994;-4,61199999999994;-4,61199999999994
5,62999999999994;-4,62999999999994;-4,62999999999994
5,64799999999994;-4,64799999999994;-4,64799999999994
5,66599999999994;-4,66599999999994;-4,66599999999994
5,68399999999994;-4,68399999999994;-4,68399999999994
5,70199999999994;-4,70199999999994;-4,70199999999994
5,71999999999994;-4,71999999999994;-4,71999999999994
5,73799999999994;-4,73799999999994;-4,73799999999994
5,75599999999994;-4,75599999999994;-4,75599999999994
5,77399999999994;-4,77399999999994;-4,77399999999994
5,79199999999994;-4,79199999999994;-4,79199999999994
5,80999999999994;-4,80999999999994;-4,80999999999994
5,82799999999994;-4,82799999999994;-4,82799999999994
5,84599999999994;-4,84599999999994;-4,84599999999994
5,86399999999994;-4,86399999999994;-4,86399999999994
5,88199999999994;-4,88199999999994;-4,88199999999994
5,89999999999994;-4,89999999999994;-4,89999999999994
5,91799999999994;-4,91799999999994;-4,91799999999994
5,93599999999994;-4,93599999999994;-4,93599999999994
5,95399999999993;-4,95399999999993;-4,95399999999993
5,97199999999993;-4,97199999999993;-4,97199999999993
5,98999999999993;-4,98999999999993;-4,98999999999993
6,00799999999993;-5,00799999999993;-5,00799999999993
6,02599999999993;-5,02599999999993;-5,02599999999993
6,04399999999993;-5,04399999999993;-5,04399999999993
6,06199999999993;-5,06199999999993;-5,06199999999993
6,07999999999993;-5,07999999999993;-5,07999999999993
6,09799999999993;-5,09799999999993;-5,09799999999993
6,11599999999993;-5,11599999999993;-5,11599999999993
6,13399999999993;-5,13399999999993;-5,13399999999993
6,15199999999993;-5,15199999999993;-5,15199999999993
6,16999999999993;-5,16999999999993;-5,16999999999993
6,18799999999993;-5,18799999999993;-5,18799999999993
6,20599999999993;-5,20599999999993;-5,20599999999993
6,22399999999993;-5,22399999999993;-5,22399999999993
6,24199999999993;-5,24199999999993;-5,24199999999993
6,25999999999993;-5,25999999999993;-5,25999999999993
6,27799999999993;-5,27799999999993;-5,27799999999993
6,29599999999993;-5,29599999999993;-5,29599999999993
6,31399999999993;-5,31399999999993;-5,31399999999993
6,33199999999993;-5,33199999999993;-5,33199999999993
6,34999999999993;-5,34999999999993;-5,34999999999993
6,36799999999993;-5,36799999999993;-5,36799999999993
6,38599999999993;-5,38599999999993;-5,38599999999993
6,40399999999993;-5,40399999999993;-5,40399999999993
6,42199999999993;-5,42199999999993;-5,42199999999993
6,43999999999993;-5,43999999999993;-5,43999999999993
6,45799999999993;-5,45799999999993;-5,45799999999993
6,47599999999993;-5,47599999999993;-5,47599999999993
6,49399999999993;-5,49399999999993;-5,49399999999993
6,51199999999993;-5,51199999999993;-5,51199999999993
6,52999999999993;-5,52999999999993;-5,52999999999993
6,54799999999993;-5,54799999999993;-5,54799999999993
6,56599999999993;-5,56599999999993;-5,56599999999993
6,58399999999993;-5,58399999999993;-5,58399999999993
6,60199999999993;-5,60199999999993;-5,60199999999993
6,61999999999993;-5,61999999999993;-5,61999999999993
6,63799999999993;-5,63799999999993;-5,63799999999993
6,65599999999993;-5,65599999999993;-5,65599999999993
6,67399999999993;-5,67399999999993;-5,67399999999993
6,69199999999993;-5,69199999999993;-5,69199999999993
6,70999999999993;-5,70999999999993;-5,70999999999993
6,72799999999993;-5,72799999999993;-5,72799999999993
6,74599999999993;-5,74599999999993;-5,74599999999993
6,76399999999993;-5,76399999999993;-5,76399999999993
6,78199999999993;-5,78199999999993;-5,78199999999993
6,79999999999993;-5,79999999999993;-5,79999999999993
6,81799999999993;-5,81799999999993;-5,81799999999993
6,83599999999992;-5,83599999999992;-5,83599999999992
6,85399999999992;-5,85399999999992;-5,85399999999992
6,87199999999992;-5,87199999999992;-5,87199999999992
6,88999999999992;-5,88999999999992;-5,88999999999992
6,90799999999992;-5,90799999999992;-5,90799999999992
6,92599999999992;-5,92599999999992;-5,92599999999992
6,94399999999992;-5,94399999999992;-5,94399999999992
6,96199999999992;-5,96199999999992;-5,96199999999992
6,97999999999992;-5,97999999999992;-5,97999999999992
6,99799999999992;-5,99799999999992;-5,99799999999992
7,01599999999992;-6,01599999999992;-6,01599999999992
7,03399999999992;-6,03399999999992;-6,03399999999992
7,05199999999992;-6,05199999999992;-6,05199999999992
7,06999999999992;-6,06999999999992;-6,06999999999992
7,08799999999992;-6,08799999999992;-6,08799999999992
7,10599999999992;-6,10599999999992;-6,10599999999992
7,12399999999992;-6,12399999999992;-6,12399999999992
7,14199999999992;-6,14199999999992;-6,14199999999992
7,15999999999992;-6,15999999999992;-6,15999999999992
7,17799999999992;-6,17799999999992;-6,17799999999992
7,19599999999992;-6,19599999999992;-6,19599999999992
7,21399999999992;-6,21399999999992;-6,21399999999992
7,23199999999992;-6,23199999999992;-6,23199999999992
7,24999999999992;-6,24999999999992;-6,24999999999992
7,26799999999992;-6,26799999999992;-6,26799999999992
7,28599999999992;-6,28599999999992;-6,28599999999992
7,30399999999992;-6,30399999999992;-6,30399999999992
7,32199999999992;-6,32199999999992;-6,32199999999992
7,33999999999992;-6,33999999999992;-6,33999999999992
7,35799999999992;-6,35799999999992;-6,35799999999992
7,37599999999992;-6,37599999999992;-6,37599999999992
7,39399999999992;-6,39399999999992;-6,39399999999992
7,41199999999992;-6,41199999999992;-6,41199999999992
7,42999999999992;-6,42999999999992;-6,42999999999992
7,44799999999992;-6,44799999999992;-6,44799999999992
7,46599999999992;-6,46599999999992;-6,46599999999992
7,48399999999992;-6,48399999999992;-6,48399999999992
7,50199999999992;-6,50199999999992;-6,50199999999992
7,51999999999992;-6,51999999999992;-6,51999999999992
7,53799999999992;-6,53799999999992;-6,53799999999992
7,55599999999992;-6,55599999999992;-6,55599999999992
7,57399999999992;-6,57399999999992;-6,57399999999992
7,59199999999992;-6,59199999999992;-6,59199999999992
7,60999999999992;-6,60999999999992;-6,60999999999992
7,62799999999992;-6,62799999999992;-6,62799999999992
7,64599999999992;-6,64599999999992;-6,64599999999992
7,66399999999992;-6,66399999999992;-6,66399999999992
7,68199999999992;-6,68199999999992;-6,68199999999992
7,69999999999991;-6,69999999999991;-6,69999999999991
7,71799999999991;-6,71799999999991;-6,71799999999991
7,73599999999991;-6,73599999999991;-6,73599999999991
7,75399999999991;-6,75399999999991;-6,75399999999991
7,77199999999991;-6,77199999999991;-6,77199999999991
7,78999999999991;-6,78999999999991;-6,78999999999991
7,80799999999991;-6,80799999999991;-6,80799999999991
7,82599999999991;-6,82599999999991;-6,82599999999991
7,84399999999991;-6,84399999999991;-6,84399999999991
7,86199999999991;-6,86199999999991;-6,86199999999991
7,87999999999991;-6,87999999999991;-6,87999999999991
7,89799999999991;-6,89799999999991;-6,89799999999991
7,91599999999991;-6,91599999999991;-6,91599999999991
7,93399999999991;-6,93399999999991;-6,93399999999991
7,95199999999991;-6,95199999999991;-6,95199999999991
7,96999999999991;-6,96999999999991;-6,96999999999991
7,98799999999991;-6,98799999999991;-6,98799999999991
8,00599999999991;-7,00599999999991;-7,00599999999991
8,02399999999991;-7,02399999999991;-7,02399999999991
8,04199999999991;-7,04199999999991;-7,04199999999991
8,05999999999991;-7,05999999999991;-7,05999999999991
8,07799999999991;-7,07799999999991;-7,07799999999991
8,09599999999991;-7,09599999999991;-7,09599999999991
8,11399999999992;-7,11399999999992;-7,11399999999992
8,13199999999992;-7,13199999999992;-7,13199999999992
8,14999999999992;-7,14999999999992;-7,14999999999992
8,16799999999992;-7,16799999999992;-7,16799999999992
8,18599999999992;-7,18599999999992;-7,18599999999992
8,20399999999992;-7,20399999999992;-7,20399999999992
8,22199999999992;-7,22199999999992;-7,22199999999992
8,23999999999992;-7,23999999999992;-7,23999999999992
8,25799999999992;-7,25799999999992;-7,25799999999992
8,27599999999992;-7,27599999999992;-7,27599999999992
8,29399999999992;-7,29399999999992;-7,29399999999992
8,31199999999992;-7,31199999999992;-7,31199999999992
8,32999999999992;-7,32999999999992;-7,32999999999992
8,34799999999992;-7,34799999999992;-7,34799999999992
8,36599999999993;-7,36599999999993;-7,36599999999993
8,38399999999993;-7,38399999999993;-7,38399999999993
8,40199999999993;-7,40199999999993;-7,40199999999993
8,41999999999993;-7,41999999999993;-7,41999999999993
8,43799999999993;-7,43799999999993;-7,43799999999993
8,45599999999993;-7,45599999999993;-7,45599999999993
8,47399999999993;-7,47399999999993;-7,47399999999993
8,49199999999993;-7,49199999999993;-7,49199999999993
8,50999999999993;-7,50999999999993;-7,50999999999993
8,52799999999993;-7,52799999999993;-7,52799999999993
8,54599999999993;-7,54599999999993;-7,54599999999993
8,56399999999993;-7,56399999999993;-7,56399999999993
8,58199999999993;-7,58199999999993;-7,58199999999993
8,59999999999993;-7,59999999999993;-7,59999999999993
8,61799999999993;-7,61799999999993;-7,61799999999993
8,63599999999994;-7,63599999999994;-7,63599999999994
8,65399999999994;-7,65399999999994;-7,65399999999994
8,67199999999994;-7,67199999999994;-7,67199999999994
8,68999999999994;-7,68999999999994;-7,68999999999994
8,70799999999994;-7,70799999999994;-7,70799999999994
8,72599999999994;-7,72599999999994;-7,72599999999994
8,74399999999994;-7,74399999999994;-7,74399999999994
8,76199999999994;-7,76199999999994;-7,76199999999994
8,77999999999994;-7,77999999999994;-7,77999999999994
8,79799999999994;-7,79799999999994;-7,79799999999994
8,81599999999994;-7,81599999999994;-7,81599999999994
8,83399999999994;-7,83399999999994;-7,83399999999994
8,85199999999994;-7,85199999999994;-7,85199999999994
8,86999999999994;-7,86999999999994;-7,86999999999994
8,88799999999994;-7,88799999999994;-7,88799999999994
8,90599999999995;-7,90599999999995;-7,90599999999995
8,92399999999995;-7,92399999999995;-7,92399999999995
8,94199999999995;-7,94199999999995;-7,94199999999995
8,95999999999995;-7,95999999999995;-7,95999999999995
8,97799999999995;-7,97799999999995;-7,97799999999995
8,99599999999995;-7,99599999999995;-7,99599999999995
9,01399999999995;-8,01399999999995;-8,01399999999995
9,03199999999995;-8,03199999999995;-8,03199999999995
9,04999999999995;-8,04999999999995;-8,04999999999995
9,06799999999995;-8,06799999999995;-8,06799999999995
9,08599999999995;-8,08599999999995;-8,08599999999995
9,10399999999995;-8,10399999999995;-8,10399999999995
9,12199999999995;-8,12199999999995;-8,12199999999995
9,13999999999995;-8,13999999999995;-8,13999999999995
9,15799999999996;-8,15799999999996;-8,15799999999996
9,17599999999996;-8,17599999999996;-8,17599999999996
9,19399999999996;-8,19399999999996;-8,19399999999996
9,21199999999996;-8,21199999999996;-8,21199999999996
9,22999999999996;-8,22999999999996;-8,22999999999996
9,24799999999996;-8,24799999999996;-8,24799999999996
9,26599999999996;-8,26599999999996;-8,26599999999996
9,28399999999996;-8,28399999999996;-8,28399999999996
9,30199999999996;-8,30199999999996;-8,30199999999996
9,31999999999996;-8,31999999999996;-8,31999999999996
9,33799999999996;-8,33799999999996;-8,33799999999996
9,35599999999996;-8,35599999999996;-8,35599999999996
9,37399999999996;-8,37399999999996;-8,37399999999996
9,39199999999996;-8,39199999999996;-8,39199999999996
9,40999999999996;-8,40999999999996;-8,40999999999996
9,42799999999997;-8,42799999999997;-8,42799999999997
9,44599999999997;-8,44599999999997;-8,44599999999997
9,46399999999997;-8,46399999999997;-8,46399999999997
9,48199999999997;-8,48199999999997;-8,48199999999997
9,49999999999997;-8,49999999999997;-8,49999999999997
9,51799999999997;-8,51799999999997;-8,51799999999997
9,53599999999997;-8,53599999999997;-8,53599999999997
9,55399999999997;-8,55399999999997;-8,55399999999997
9,57199999999997;-8,57199999999997;-8,57199999999997
9,58999999999997;-8,58999999999997;-8,58999999999997
9,60799999999997;-8,60799999999997;-8,60799999999997
9,62599999999997;-8,62599999999997;-8,62599999999997
9,64399999999997;-8,64399999999997;-8,64399999999997
9,66199999999997;-8,66199999999997;-8,66199999999997
9,67999999999997;-8,67999999999997;-8,67999999999997
9,69799999999998;-8,69799999999998;-8,69799999999998
9,71599999999998;-8,71599999999998;-8,71599999999998
9,73399999999998;-8,73399999999998;-8,73399999999998
9,75199999999998;-8,75199999999998;-8,75199999999998
9,76999999999998;-8,76999999999998;-8,76999999999998
9,78799999999998;-8,78799999999998;-8,78799999999998
9,80599999999998;-8,80599999999998;-8,80599999999998
9,82399999999998;-8,82399999999998;-8,82399999999998
9,84199999999998;-8,84199999999998;-8,84199999999998
9,85999999999998;-8,85999999999998;-8,85999999999998
9,87799999999998;-8,87799999999998;-8,87799999999998
9,89599999999998;-8,89599999999998;-8,89599999999998
9,91399999999998;-8,91399999999998;-8,91399999999998
9,93199999999998;-8,93199999999998;-8,93199999999998
9,94999999999999;-8,94999999999999;-8,94999999999999
9,96799999999999;-8,96799999999999;-8,96799999999999
9,98599999999999;-8,98599999999999;-8,98599999999999
10,004;-9,00399999999999;-9,00399999999999
10,022;-9,02199999999999;-9,02199999999999
10,04;-9,03999999999999;-9,03999999999999
10,058;-9,05799999999999;-9,05799999999999
10,076;-9,07599999999999;-9,07599999999999
10,094;-9,09399999999999;-9,09399999999999
10,112;-9,11199999999999;-9,11199999999999
10,13;-9,12999999999999;-9,12999999999999
10,148;-9,14799999999999;-9,14799999999999
10,166;-9,16599999999999;-9,16599999999999
10,184;-9,18399999999999;-9,18399999999999
10,202;-9,20199999999999;-9,20199999999999
10,22;-9,22;-9,22
10,238;-9,238;-9,238
10,256;-9,256;-9,256
10,274;-9,274;-9,274
10,292;-9,292;-9,292
10,31;-9,31;-9,31
10,328;-9,328;-9,328
10,346;-9,346;-9,346
10,364;-9,364;-9,364
10,382;-9,382;-9,382
10,4;-9,4;-9,4
10,418;-9,418;-9,418
10,436;-9,436;-9,436
10,454;-9,454;-9,454
10,472;-9,472;-9,472
10,49;-9,49000000000001;-9,49000000000001
10,508;-9,50800000000001;-9,50800000000001
10,526;-9,52600000000001;-9,52600000000001
10,544;-9,54400000000001;-9,54400000000001
10,562;-9,56200000000001;-9,56200000000001
10,58;-9,58000000000001;-9,58000000000001
10,598;-9,59800000000001;-9,59800000000001
10,616;-9,61600000000001;-9,61600000000001
10,634;-9,63400000000001;-9,63400000000001
10,652;-9,65200000000001;-9,65200000000001
10,67;-9,67000000000001;-9,67000000000001
10,688;-9,68800000000001;-9,68800000000001
10,706;-9,70600000000001;-9,70600000000001
10,724;-9,72400000000001;-9,72400000000001
10,742;-9,74200000000002;-9,74200000000002
10,76;-9,76000000000002;-9,76000000000002
10,778;-9,77800000000002;-9,77800000000002
10,796;-9,79600000000002;-9,79600000000002
10,814;-9,81400000000002;-9,81400000000002
10,832;-9,83200000000002;-9,83200000000002
10,85;-9,85000000000002;-9,85000000000002
10,868;-9,86800000000002;-9,86800000000002
10,886;-9,88600000000002;-9,88600000000002
10,904;-9,90400000000002;-9,90400000000002
10,922;-9,92200000000002;-9,92200000000002
10,94;-9,94000000000002;-9,94000000000002
10,958;-9,95800000000002;-9,95800000000002
10,976;-9,97600000000002;-9,97600000000002
10,994;-9,99400000000002;-9,99400000000002
11,012;-10,012;-10,012
11,03;-10,03;-10,03
11,048;-10,048;-10,048
11,066;-10,066;-10,066
11,084;-10,084;-10,084
11,102;-10,102;-10,102
11,12;-10,12;-10,12
11,138;-10,138;-10,138
11,156;-10,156;-10,156
11,174;-10,174;-10,174
11,192;-10,192;-10,192
11,21;-10,21;-10,21
11,228;-10,228;-10,228
11,246;-10,246;-10,246
11,264;-10,264;-10,264
11,282;-10,282;-10,282
11,3;-10,3;-10,3
11,318;-10,318;-10,318
11,336;-10,336;-10,336
11,354;-10,354;-10,354
11,372;-10,372;-10,372
11,39;-10,39;-10,39
11,408;-10,408;-10,408
11,426;-10,426;-10,426
11,444;-10,444;-10,444
11,462;-10,462;-10,462
11,48;-10,48;-10,48
11,498;-10,498;-10,498
11,516;-10,516;-10,516
11,534;-10,534;-10,534
11,552;-10,552;-10,552
11,57;-10,57;-10,57
11,588;-10,588;-10,588
11,606;-10,606;-10,606
11,624;-10,624;-10,624
11,642;-10,642;-10,642
11,66;-10,66;-10,66
11,6780000000001;-10,6780000000001;-10,6780000000001
11,6960000000001;-10,6960000000001;-10,6960000000001
11,7140000000001;-10,7140000000001;-10,7140000000001
11,7320000000001;-10,7320000000001;-10,7320000000001
11,7500000000001;-10,7500000000001;-10,7500000000001
11,7680000000001;-10,7680000000001;-10,7680000000001
11,7860000000001;-10,7860000000001;-10,7860000000001
11,8040000000001;-10,8040000000001;-10,8040000000001
11,8220000000001;-10,8220000000001;-10,8220000000001
11,8400000000001;-10,8400000000001;-10,8400000000001
11,8580000000001;-10,8580000000001;-10,8580000000001
11,8760000000001;-10,8760000000001;-10,8760000000001
11,8940000000001;-10,8940000000001;-10,8940000000001
11,9120000000001;-10,9120000000001;-10,9120000000001
11,9300000000001;-10,9300000000001;-10,9300000000001
11,9480000000001;-10,9480000000001;-10,9480000000001
11,9660000000001;-10,9660000000001;-10,9660000000001
11,9840000000001;-10,9840000000001;-10,9840000000001
12,0020000000001;-11,0020000000001;-11,0020000000001
12,0200000000001;-11,0200000000001;-11,0200000000001
12,0380000000001;-11,0380000000001;-11,0380000000001
12,0560000000001;-11,0560000000001;-11,0560000000001
12,0740000000001;-11,0740000000001;-11,0740000000001
12,0920000000001;-11,0920000000001;-11,0920000000001
12,1100000000001;-11,1100000000001;-11,1100000000001
12,1280000000001;-11,1280000000001;-11,1280000000001
12,1460000000001;-11,1460000000001;-11,1460000000001
12,1640000000001;-11,1640000000001;-11,1640000000001
12,1820000000001;-11,1820000000001;-11,1820000000001
12,2000000000001;-11,2000000000001;-11,2000000000001
12,2180000000001;-11,2180000000001;-11,2180000000001
12,2360000000001;-11,2360000000001;-11,2360000000001
12,2540000000001;-11,2540000000001;-11,2540000000001
12,2720000000001;-11,2720000000001;-11,2720000000001
12,2900000000001;-11,2900000000001;-11,2900000000001
12,3080000000001;-11,3080000000001;-11,3080000000001
12,3260000000001;-11,3260000000001;-11,3260000000001
12,3440000000001;-11,3440000000001;-11,3440000000001
12,3620000000001;-11,3620000000001;-11,3620000000001
12,3800000000001;-11,3800000000001;-11,3800000000001
12,3980000000001;-11,3980000000001;-11,3980000000001
12,4160000000001;-11,4160000000001;-11,4160000000001
12,4340000000001;-11,4340000000001;-11,4340000000001
12,4520000000001;-11,4520000000001;-11,4520000000001
12,4700000000001;-11,4700000000001;-11,4700000000001
12,4880000000001;-11,4880000000001;-11,4880000000001
12,5060000000001;-11,5060000000001;-11,5060000000001
12,5240000000001;-11,5240000000001;-11,5240000000001
12,5420000000001;-11,5420000000001;-11,5420000000001
12,5600000000001;-11,5600000000001;-11,5600000000001
12,5780000000001;-11,5780000000001;-11,5780000000001
12,5960000000001;-11,5960000000001;-11,5960000000001
12,6140000000001;-11,6140000000001;-11,6140000000001
12,6320000000001;-11,6320000000001;-11,6320000000001
12,6500000000001;-11,6500000000001;-11,6500000000001
12,6680000000001;-11,6680000000001;-11,6680000000001
12,6860000000001;-11,6860000000001;-11,6860000000001
12,7040000000001;-11,7040000000001;-11,7040000000001
12,7220000000001;-11,7220000000001;-11,7220000000001
12,7400000000001;-11,7400000000001;-11,7400000000001
12,7580000000001;-11,7580000000001;-11,7580000000001
12,7760000000001;-11,7760000000001;-11,7760000000001
12,7940000000001;-11,7940000000001;-11,7940000000001
12,8120000000001;-11,8120000000001;-11,8120000000001
12,8300000000001;-11,8300000000001;-11,8300000000001
12,8480000000001;-11,8480000000001;-11,8480000000001
12,8660000000001;-11,8660000000001;-11,8660000000001
12,8840000000001;-11,8840000000001;-11,8840000000001
12,9020000000001;-11,9020000000001;-11,9020000000001
12,9200000000001;-11,9200000000001;-11,9200000000001
12,9380000000001;-11,9380000000001;-11,9380000000001
12,9560000000001;-11,9560000000001;-11,9560000000001
12,9740000000001;-11,9740000000001;-11,9740000000001
12,9920000000001;-11,9920000000001;-11,9920000000001
13,0100000000001;-12,0100000000001;-12,0100000000001
13,0280000000001;-12,0280000000001;-12,0280000000001
13,0460000000001;-12,0460000000001;-12,0460000000001
13,0640000000001;-12,0640000000001;-12,0640000000001
13,0820000000001;-12,0820000000001;-12,0820000000001
13,1000000000001;-12,1000000000001;-12,1000000000001
13,1180000000001;-12,1180000000001;-12,1180000000001
13,1360000000001;-12,1360000000001;-12,1360000000001
13,1540000000001;-12,1540000000001;-12,1540000000001
13,1720000000001;-12,1720000000001;-12,1720000000001
13,1900000000001;-12,1900000000001;-12,1900000000001
13,2080000000001;-12,2080000000001;-12,2080000000001
13,2260000000001;-12,2260000000001;-12,2260000000001
13,2440000000001;-12,2440000000001;-12,2440000000001
13,2620000000001;-12,2620000000001;-12,2620000000001
13,2800000000001;-12,2800000000001;-12,2800000000001
13,2980000000001;-12,2980000000001;-12,2980000000001
13,3160000000001;-12,3160000000001;-12,3160000000001
13,3340000000001;-12,3340000000001;-12,3340000000001
13,3520000000001;-12,3520000000001;-12,3520000000001
13,3700000000001;-12,3700000000001;-12,3700000000001
13,3880000000001;-12,3880000000001;-12,3880000000001
13,4060000000001;-12,4060000000001;-12,4060000000001
13,4240000000001;-12,4240000000001;-12,4240000000001
13,4420000000001;-12,4420000000001;-12,4420000000001
13,4600000000001;-12,4600000000001;-12,4600000000001
13,4780000000001;-12,4780000000001;-12,4780000000001
13,4960000000001;-12,4960000000001;-12,4960000000001
13,5140000000001;-12,5140000000001;-12,5140000000001
13,5320000000001;-12,5320000000001;-12,5320000000001
13,5500000000001;-12,5500000000001;-12,5500000000001
13,5680000000001;-12,5680000000001;-12,5680000000001
13,5860000000001;-12,5860000000001;-12,5860000000001
13,6040000000001;-12,6040000000001;-12,6040000000001
13,6220000000001;-12,6220000000001;-12,6220000000001
13,6400000000001;-12,6400000000001;-12,6400000000001
13,6580000000001;-12,6580000000001;-12,6580000000001
13,6760000000001;-12,6760000000001;-12,6760000000001
13,6940000000001;-12,6940000000001;-12,6940000000001
13,7120000000001;-12,7120000000001;-12,7120000000001
13,7300000000001;-12,7300000000001;-12,7300000000001
13,7480000000001;-12,7480000000001;-12,7480000000001
13,7660000000001;-12,7660000000001;-12,7660000000001
13,7840000000001;-12,7840000000001;-12,7840000000001
13,8020000000001;-12,8020000000001;-12,8020000000001
13,8200000000001;-12,8200000000001;-12,8200000000001
13,8380000000001;-12,8380000000001;-12,8380000000001
13,8560000000001;-12,8560000000001;-12,8560000000001
13,8740000000001;-12,8740000000001;-12,8740000000001
13,8920000000001;-12,8920000000001;-12,8920000000001
13,9100000000001;-12,9100000000001;-12,9100000000001
13,9280000000001;-12,9280000000001;-12,9280000000001
13,9460000000001;-12,9460000000001;-12,9460000000001
13,9640000000001;-12,9640000000001;-12,9640000000001
13,9820000000001;-12,9820000000001;-12,9820000000001
