x;y_myfunction;y_fromLibrary
0;1;1
0,1;0,714833333333333;0,714833333333333
0,2;0,458666666666667;0,458666666666667
0,3;0,2305;0,2305
0,4;0,0293333333333334;0,0293333333333334
0,5;-0,145833333333333;-0,145833333333333
0,6;-0,296;-0,296
0,7;-0,422166666666667;-0,422166666666667
0,8;-0,525333333333333;-0,525333333333333
0,9;-0,6065;-0,6065
1;-0,666666666666666;-0,666666666666667
1,1;-0,706833333333333;-0,706833333333333
1,2;-0,728;-0,728
1,3;-0,731166666666667;-0,731166666666667
1,4;-0,717333333333333;-0,717333333333333
1,5;-0,6875;-0,6875
1,6;-0,642666666666666;-0,642666666666667
1,7;-0,583833333333334;-0,583833333333333
1,8;-0,512;-0,512
1,9;-0,428166666666667;-0,428166666666666
2;-0,333333333333332;-0,333333333333333
2,1;-0,2285;-0,228499999999999
2,2;-0,114666666666665;-0,114666666666666
2,3;0,00716666666666876;0,00716666666666743
2,4;0,136000000000001;0,136000000000001
2,5;0,270833333333335;0,270833333333335
2,6;0,410666666666668;0,410666666666668
2,7;0,5545;0,554500000000002
2,8;0,701333333333336;0,701333333333335
2,9;0,850166666666667;0,850166666666669
3;0,999999999999999;1
3,1;1,14983333333334;1,14983333333334
3,2;1,29866666666667;1,29866666666667
3,3;1,44550000000001;1,4455
3,4;1,58933333333334;1,58933333333334
3,5;1,72916666666667;1,72916666666667
3,6;1,864;1,864
3,7;1,99283333333334;1,99283333333334
3,8;2,11466666666667;2,11466666666667
3,9;2,2285;2,2285
4;2,33333333333333;2,33333333333334
4,1;2,42816666666667;2,42816666666667
4,2;2,512;2,512
4,3;2,58383333333334;2,58383333333333
4,4;2,64266666666667;2,64266666666667
4,5;2,6875;2,6875
4,6;2,71733333333333;2,71733333333333
4,7;2,73116666666666;2,73116666666667
4,8;2,72799999999999;2,728
4,9;2,70683333333333;2,70683333333333
5;2,66666666666667;2,66666666666667
5,1;2,6065;2,6065
5,2;2,52533333333333;2,52533333333334
5,3;2,42216666666667;2,42216666666667
5,4;2,296;2,296
5,5;2,14583333333334;2,14583333333334
5,6;1,97066666666667;1,97066666666667
5,7;1,76950000000001;1,76950000000001
5,8;1,54133333333334;1,54133333333334
5,9;1,28516666666668;1,28516666666668
5,99999999999999;1,00000000000002;1,00000000000002
6,09999999999999;0,684833333333344;0,684833333333352
6,19999999999999;0,33866666666669;0,338666666666688
6,29999999999999;-0,0394999999999683;-0,0394999999999749
6,39999999999999;-0,450666666666628;-0,450666666666637
6,49999999999999;-0,8958333333333;-0,895833333333301
6,59999999999999;-1,37599999999997;-1,37599999999996
6,69999999999999;-1,89216666666663;-1,89216666666662
6,79999999999999;-2,44533333333329;-2,44533333333329
6,89999999999999;-3,03649999999993;-3,03649999999995
6,99999999999999;-3,66666666666661;-3,66666666666661
7,09999999999999;-4,33683333333327;-4,33683333333327
7,19999999999999;-5,04799999999992;-5,04799999999993
7,29999999999999;-5,80116666666657;-5,80116666666659
7,39999999999999;-6,59733333333325;-6,59733333333325
7,49999999999999;-7,43749999999991;-7,43749999999991
7,59999999999999;-8,32266666666655;-8,32266666666657
7,69999999999999;-9,25383333333323;-9,25383333333322
7,79999999999999;-10,2319999999999;-10,2319999999999
7,89999999999999;-11,2581666666665;-11,2581666666665
7,99999999999999;-12,3333333333332;-12,3333333333332
8,09999999999999;-13,4584999999999;-13,4584999999999
8,19999999999999;-14,6346666666665;-14,6346666666665
8,29999999999999;-15,8628333333332;-15,8628333333332
8,39999999999999;-17,1439999999998;-17,1439999999998
8,49999999999999;-18,4791666666665;-18,4791666666665
8,59999999999999;-19,8693333333331;-19,8693333333331
8,69999999999999;-21,3154999999998;-21,3154999999998
8,79999999999998;-22,8186666666664;-22,8186666666664
8,89999999999998;-24,3798333333331;-24,3798333333331
8,99999999999998;-25,9999999999997;-25,9999999999997
9,09999999999998;-27,6801666666664;-27,6801666666664
9,19999999999998;-29,4213333333331;-29,421333333333
9,29999999999998;-31,2244999999997;-31,2244999999997
9,39999999999998;-33,0906666666663;-33,0906666666663
9,49999999999998;-35,020833333333;-35,020833333333
9,59999999999998;-37,0159999999996;-37,0159999999996
9,69999999999998;-39,0771666666663;-39,0771666666663
9,79999999999998;-41,2053333333329;-41,2053333333329
9,89999999999998;-43,4014999999996;-43,4014999999996
9,99999999999998;-45,6666666666662;-45,6666666666662
10,1;-48,0018333333329;-48,0018333333329
10,2;-50,4079999999995;-50,4079999999995
10,3;-52,8861666666662;-52,8861666666661
10,4;-55,4373333333328;-55,4373333333328
10,5;-58,0624999999995;-58,0624999999994
10,6;-60,7626666666661;-60,7626666666661
10,7;-63,5388333333327;-63,5388333333327
10,8;-66,3919999999994;-66,3919999999993
10,9;-69,323166666666;-69,323166666666
11;-72,3333333333326;-72,3333333333326
11,1;-75,4234999999993;-75,4234999999993
11,2;-78,5946666666659;-78,5946666666659
11,3;-81,8478333333325;-81,8478333333325
11,4;-85,1839999999992;-85,1839999999992
11,5;-88,6041666666658;-88,6041666666658
11,6;-92,1093333333324;-92,1093333333324
11,7;-95,7004999999991;-95,7004999999991
11,8;-99,3786666666657;-99,3786666666657
11,9;-103,144833333332;-103,144833333332
12;-106,999999999999;-106,999999999999
12,1;-110,945166666666;-110,945166666666
12,2;-114,981333333332;-114,981333333332
12,3;-119,109499999999;-119,109499999999
12,4;-123,330666666665;-123,330666666665
12,5;-127,645833333332;-127,645833333332
12,6;-132,055999999999;-132,055999999999
12,7;-136,562166666665;-136,562166666665
12,8;-141,165333333332;-141,165333333332
12,9;-145,866499999999;-145,866499999999
13;-150,666666666665;-150,666666666665
13,1;-155,566833333332;-155,566833333332
13,2;-160,567999999998;-160,567999999998
13,3;-165,671166666665;-165,671166666665
13,4;-170,877333333332;-170,877333333332
13,5;-176,187499999998;-176,187499999998
13,6;-181,602666666665;-181,602666666665
13,7;-187,123833333332;-187,123833333332
13,8;-192,751999999998;-192,751999999998
13,9;-198,488166666665;-198,488166666665
14;-204,333333333331;-204,333333333331
14,1;-210,288499999998;-210,288499999998
14,2;-216,354666666665;-216,354666666665
14,3;-222,532833333331;-222,532833333331
14,4;-228,823999999998;-228,823999999998
14,5;-235,229166666664;-235,229166666664
14,6;-241,749333333331;-241,749333333331
14,7;-248,385499999998;-248,385499999998
14,8;-255,138666666664;-255,138666666664
14,9;-262,009833333331;-262,009833333331
15;-268,999999999997;-268,999999999997
15,1;-276,110166666664;-276,110166666664
15,2;-283,341333333331;-283,341333333331
15,3;-290,694499999997;-290,694499999997
15,4;-298,170666666664;-298,170666666664
15,5;-305,77083333333;-305,77083333333
15,6;-313,495999999997;-313,495999999997
15,7;-321,347166666664;-321,347166666664
15,8;-329,32533333333;-329,32533333333
15,9;-337,431499999997;-337,431499999997
16;-345,666666666663;-345,666666666663
16,1;-354,03183333333;-354,03183333333
16,2;-362,527999999997;-362,527999999997
16,3;-371,156166666663;-371,156166666663
16,4;-379,91733333333;-379,91733333333
16,5;-388,812499999997;-388,812499999997
16,6;-397,842666666664;-397,842666666664
16,7;-407,00883333333;-407,00883333333
16,8;-416,311999999997;-416,311999999997
16,9;-425,753166666664;-425,753166666664
17;-435,333333333331;-435,333333333331
17,1;-445,053499999997;-445,053499999997
17,2;-454,914666666664;-454,914666666664
17,3;-464,917833333331;-464,917833333331
17,4;-475,063999999998;-475,063999999998
17,5;-485,354166666664;-485,354166666664
17,6;-495,789333333331;-495,789333333331
17,7;-506,370499999998;-506,370499999998
17,8;-517,098666666665;-517,098666666665
17,9;-527,974833333332;-527,974833333332
18;-538,999999999998;-538,999999999998
18,1;-550,175166666665;-550,175166666665
18,2;-561,501333333332;-561,501333333332
18,3;-572,979499999999;-572,979499999999
18,4;-584,610666666666;-584,610666666666
18,5;-596,395833333333;-596,395833333332
18,6;-608,335999999999;-608,335999999999
18,7;-620,432166666666;-620,432166666666
18,8;-632,685333333333;-632,685333333333
18,9;-645,0965;-645,0965
19;-657,666666666667;-657,666666666667
19,1;-670,396833333334;-670,396833333333
19,2;-683,288;-683,288
19,3;-696,341166666667;-696,341166666667
19,4;-709,557333333334;-709,557333333334
19,5;-722,937500000001;-722,937500000001
19,6;-736,482666666668;-736,482666666668
19,7;-750,193833333335;-750,193833333335
19,8;-764,072000000001;-764,072000000002
19,9;-778,118166666668;-778,118166666668
20;-792,333333333335;-792,333333333335
20,1;-806,718500000002;-806,718500000002
20,2;-821,274666666669;-821,274666666669
20,3;-836,002833333336;-836,002833333336
20,4;-850,904000000003;-850,904000000003
20,5;-865,97916666667;-865,97916666667
20,6;-881,229333333337;-881,229333333337
20,7;-896,655500000004;-896,655500000004
20,8;-912,258666666671;-912,258666666671
20,9;-928,039833333338;-928,039833333337
21;-944,000000000005;-944,000000000005
21,1;-960,140166666672;-960,140166666671
21,2;-976,461333333339;-976,461333333338
21,3;-992,964500000006;-992,964500000006
21,4;-1009,65066666667;-1009,65066666667
21,5;-1026,52083333334;-1026,52083333334
21,6;-1043,57600000001;-1043,57600000001
21,7;-1060,81716666667;-1060,81716666667
21,8;-1078,24533333334;-1078,24533333334
21,9;-1095,86150000001;-1095,86150000001
22;-1113,66666666667;-1113,66666666667
22,1;-1131,66183333334;-1131,66183333334
22,2;-1149,84800000001;-1149,84800000001
22,3;-1168,22616666668;-1168,22616666668
22,4;-1186,79733333334;-1186,79733333334
22,5000000000001;-1205,56250000001;-1205,56250000001
22,6000000000001;-1224,52266666668;-1224,52266666668
22,7000000000001;-1243,67883333334;-1243,67883333334
22,8000000000001;-1263,03200000001;-1263,03200000001
22,9000000000001;-1282,58316666668;-1282,58316666668
23,0000000000001;-1302,33333333334;-1302,33333333334
23,1000000000001;-1322,28350000001;-1322,28350000001
23,2000000000001;-1342,43466666668;-1342,43466666668
23,3000000000001;-1362,78783333335;-1362,78783333335
23,4000000000001;-1383,34400000001;-1383,34400000001
23,5000000000001;-1404,10416666668;-1404,10416666668
23,6000000000001;-1425,06933333335;-1425,06933333335
23,7000000000001;-1446,24050000001;-1446,24050000001
23,8000000000001;-1467,61866666668;-1467,61866666668
23,9000000000001;-1489,20483333335;-1489,20483333335
24,0000000000001;-1511,00000000002;-1511,00000000002
24,1000000000001;-1533,00516666668;-1533,00516666668
24,2000000000001;-1555,22133333335;-1555,22133333335
24,3000000000001;-1577,64950000002;-1577,64950000002
24,4000000000001;-1600,29066666668;-1600,29066666668
24,5000000000001;-1623,14583333335;-1623,14583333335
24,6000000000001;-1646,21600000002;-1646,21600000002
24,7000000000001;-1669,50216666669;-1669,50216666669
24,8000000000001;-1693,00533333335;-1693,00533333335
24,9000000000001;-1716,72650000002;-1716,72650000002
25,0000000000001;-1740,66666666669;-1740,66666666669
25,1000000000001;-1764,82683333335;-1764,82683333335
25,2000000000001;-1789,20800000002;-1789,20800000002
25,3000000000001;-1813,81116666669;-1813,81116666669
25,4000000000001;-1838,63733333336;-1838,63733333336
25,5000000000001;-1863,68750000002;-1863,68750000002
25,6000000000001;-1888,96266666669;-1888,96266666669
25,7000000000001;-1914,46383333336;-1914,46383333336
25,8000000000001;-1940,19200000002;-1940,19200000002
25,9000000000001;-1966,14816666669;-1966,14816666669
26,0000000000001;-1992,33333333336;-1992,33333333336
26,1000000000001;-2018,74850000003;-2018,74850000003
26,2000000000001;-2045,39466666669;-2045,39466666669
26,3000000000001;-2072,27283333336;-2072,27283333336
26,4000000000001;-2099,38400000003;-2099,38400000003
26,5000000000001;-2126,7291666667;-2126,7291666667
26,6000000000001;-2154,30933333336;-2154,30933333336
26,7000000000001;-2182,12550000003;-2182,12550000003
26,8000000000001;-2210,1786666667;-2210,1786666667
26,9000000000001;-2238,46983333337;-2238,46983333336
27,0000000000001;-2267,00000000003;-2267,00000000003
27,1000000000001;-2295,7701666667;-2295,7701666667
27,2000000000001;-2324,78133333337;-2324,78133333337
27,3000000000001;-2354,03450000003;-2354,03450000003
27,4000000000001;-2383,5306666667;-2383,5306666667
27,5000000000001;-2413,27083333337;-2413,27083333337
27,6000000000001;-2443,25600000004;-2443,25600000004
27,7000000000001;-2473,4871666667;-2473,4871666667
27,8000000000001;-2503,96533333337;-2503,96533333337
27,9000000000001;-2534,69150000004;-2534,69150000004
28,0000000000001;-2565,66666666671;-2565,66666666671
28,1000000000001;-2596,89183333337;-2596,89183333337
28,2000000000001;-2628,36800000004;-2628,36800000004
28,3000000000001;-2660,09616666671;-2660,09616666671
28,4000000000001;-2692,07733333338;-2692,07733333338
28,5000000000001;-2724,31250000004;-2724,31250000004
28,6000000000001;-2756,80266666671;-2756,80266666671
28,7000000000001;-2789,54883333338;-2789,54883333338
28,8000000000001;-2822,55200000005;-2822,55200000005
28,9000000000001;-2855,81316666671;-2855,81316666671
29,0000000000001;-2889,33333333338;-2889,33333333338
29,1000000000001;-2923,11350000005;-2923,11350000005
29,2000000000001;-2957,15466666672;-2957,15466666672
29,3000000000001;-2991,45783333338;-2991,45783333338
29,4000000000001;-3026,02400000005;-3026,02400000005
29,5000000000001;-3060,85416666672;-3060,85416666672
29,6000000000002;-3095,94933333339;-3095,94933333339
29,7000000000002;-3131,31050000005;-3131,31050000005
29,8000000000002;-3166,93866666672;-3166,93866666672
29,9000000000002;-3202,83483333339;-3202,83483333339
30,0000000000002;-3239,00000000006;-3239,00000000006
30,1000000000002;-3275,43516666672;-3275,43516666672
30,2000000000002;-3312,14133333339;-3312,14133333339
30,3000000000002;-3349,11950000006;-3349,11950000006
30,4000000000002;-3386,37066666673;-3386,37066666673
30,5000000000002;-3423,89583333339;-3423,8958333334
30,6000000000002;-3461,69600000006;-3461,69600000006
30,7000000000002;-3499,77216666673;-3499,77216666673
30,8000000000002;-3538,1253333334;-3538,1253333334
30,9000000000002;-3576,75650000007;-3576,75650000007
31,0000000000002;-3615,66666666673;-3615,66666666673
31,1000000000002;-3654,8568333334;-3654,8568333334
31,2000000000002;-3694,32800000007;-3694,32800000007
31,3000000000002;-3734,08116666674;-3734,08116666674
31,4000000000002;-3774,1173333334;-3774,1173333334
31,5000000000002;-3814,43750000007;-3814,43750000007
31,6000000000002;-3855,04266666674;-3855,04266666674
31,7000000000002;-3895,93383333341;-3895,93383333341
31,8000000000002;-3937,11200000007;-3937,11200000008
31,9000000000002;-3978,57816666674;-3978,57816666674
32,0000000000002;-4020,33333333341;-4020,33333333341
32,1000000000002;-4062,37850000008;-4062,37850000008
32,2000000000002;-4104,71466666675;-4104,71466666675
32,3000000000002;-4147,34283333341;-4147,34283333341
32,4000000000002;-4190,26400000008;-4190,26400000008
32,5000000000002;-4233,47916666675;-4233,47916666675
32,6000000000002;-4276,98933333342;-4276,98933333342
32,7000000000002;-4320,79550000009;-4320,79550000009
32,8000000000002;-4364,89866666675;-4364,89866666675
32,9000000000002;-4409,29983333342;-4409,29983333342
33,0000000000002;-4454,00000000009;-4454,00000000009
33,1000000000002;-4499,00016666676;-4499,00016666676
33,2000000000002;-4544,30133333342;-4544,30133333342
33,3000000000002;-4589,90450000009;-4589,90450000009
33,4000000000002;-4635,81066666676;-4635,81066666676
33,5000000000002;-4682,02083333343;-4682,02083333343
33,6000000000002;-4728,5360000001;-4728,5360000001
33,7000000000002;-4775,35716666676;-4775,35716666677
33,8000000000002;-4822,48533333343;-4822,48533333343
33,9000000000002;-4869,9215000001;-4869,9215000001
34,0000000000002;-4917,66666666677;-4917,66666666677
34,1000000000002;-4965,72183333344;-4965,72183333344
34,2000000000002;-5014,08800000011;-5014,08800000011
34,3000000000002;-5062,76616666677;-5062,76616666677
34,4000000000002;-5111,75733333344;-5111,75733333344
34,5000000000002;-5161,06250000011;-5161,06250000011
34,6000000000002;-5210,68266666678;-5210,68266666678
34,7000000000002;-5260,61883333344;-5260,61883333344
34,8000000000002;-5310,87200000011;-5310,87200000011
34,9000000000002;-5361,44316666678;-5361,44316666678
35,0000000000002;-5412,33333333345;-5412,33333333345
35,1000000000002;-5463,54350000012;-5463,54350000012
35,2000000000002;-5515,07466666679;-5515,07466666678
35,3000000000002;-5566,92783333345;-5566,92783333345
35,4000000000002;-5619,10400000012;-5619,10400000012
35,5000000000002;-5671,60416666679;-5671,60416666679
35,6000000000002;-5724,42933333346;-5724,42933333346
35,7000000000002;-5777,58050000013;-5777,58050000013
35,8000000000002;-5831,05866666679;-5831,0586666668
35,9000000000002;-5884,86483333346;-5884,86483333346
36,0000000000002;-5939,00000000013;-5939,00000000013
36,1000000000002;-5993,4651666668;-5993,4651666668
36,2000000000002;-6048,26133333347;-6048,26133333347
36,3000000000002;-6103,38950000014;-6103,38950000014
36,4000000000002;-6158,8506666668;-6158,8506666668
36,5000000000002;-6214,64583333347;-6214,64583333347
36,6000000000003;-6270,77600000014;-6270,77600000014
36,7000000000003;-6327,24216666681;-6327,24216666681
36,8000000000003;-6384,04533333348;-6384,04533333348
36,9000000000003;-6441,18650000015;-6441,18650000015
37,0000000000003;-6498,66666666681;-6498,66666666681
37,1000000000003;-6556,48683333348;-6556,48683333348
37,2000000000003;-6614,64800000015;-6614,64800000015
37,3000000000003;-6673,15116666682;-6673,15116666682
37,4000000000003;-6731,99733333349;-6731,99733333349
37,5000000000003;-6791,18750000015;-6791,18750000016
37,6000000000003;-6850,72266666682;-6850,72266666682
37,7000000000003;-6910,60383333349;-6910,60383333349
37,8000000000003;-6970,83200000016;-6970,83200000016
37,9000000000003;-7031,40816666683;-7031,40816666683
38,0000000000003;-7092,3333333335;-7092,3333333335
38,1000000000003;-7153,60850000017;-7153,60850000017
38,2000000000003;-7215,23466666683;-7215,23466666684
38,3000000000003;-7277,2128333335;-7277,2128333335
38,4000000000003;-7339,54400000017;-7339,54400000017
38,5000000000003;-7402,22916666684;-7402,22916666684
38,6000000000003;-7465,26933333351;-7465,26933333351
38,7000000000003;-7528,66550000018;-7528,66550000018
38,8000000000003;-7592,41866666685;-7592,41866666685
38,9000000000003;-7656,52983333352;-7656,52983333352
39,0000000000003;-7721,00000000018;-7721,00000000018
39,1000000000003;-7785,83016666685;-7785,83016666685
39,2000000000003;-7851,02133333352;-7851,02133333352
39,3000000000003;-7916,57450000019;-7916,57450000019
39,4000000000003;-7982,49066666686;-7982,49066666686
39,5000000000003;-8048,77083333353;-8048,77083333353
39,6000000000003;-8115,4160000002;-8115,4160000002
39,7000000000003;-8182,42716666686;-8182,42716666686
39,8000000000003;-8249,80533333353;-8249,80533333353
39,9000000000003;-8317,5515000002;-8317,5515000002
40,0000000000003;-8385,66666666687;-8385,66666666687
40,1000000000003;-8454,15183333354;-8454,15183333354
40,2000000000003;-8523,00800000021;-8523,00800000021
40,3000000000003;-8592,23616666688;-8592,23616666688
40,4000000000003;-8661,83733333355;-8661,83733333355
40,5000000000003;-8731,81250000021;-8731,81250000021
40,6000000000003;-8802,16266666688;-8802,16266666688
40,7000000000003;-8872,88883333355;-8872,88883333355
40,8000000000003;-8943,99200000022;-8943,99200000022
40,9000000000003;-9015,47316666689;-9015,47316666689
41,0000000000003;-9087,33333333356;-9087,33333333356
41,1000000000003;-9159,57350000023;-9159,57350000023
41,2000000000003;-9232,1946666669;-9232,1946666669
41,3000000000003;-9305,19783333356;-9305,19783333357
41,4000000000003;-9378,58400000023;-9378,58400000024
41,5000000000003;-9452,3541666669;-9452,3541666669
41,6000000000003;-9526,50933333357;-9526,50933333357
41,7000000000003;-9601,05050000024;-9601,05050000024
41,8000000000003;-9675,97866666691;-9675,97866666691
41,9000000000003;-9751,29483333358;-9751,29483333358
42,0000000000003;-9827,00000000025;-9827,00000000025
42,1000000000003;-9903,09516666692;-9903,09516666692
42,2000000000003;-9979,58133333359;-9979,58133333359
42,3000000000003;-10056,4595000003;-10056,4595000003
42,4000000000003;-10133,7306666669;-10133,7306666669
42,5000000000003;-10211,3958333336;-10211,3958333336
42,6000000000003;-10289,4560000003;-10289,4560000003
42,7000000000003;-10367,9121666669;-10367,9121666669
42,8000000000003;-10446,7653333336;-10446,7653333336
42,9000000000003;-10526,0165000003;-10526,0165000003
43,0000000000003;-10605,6666666669;-10605,6666666669
43,1000000000003;-10685,7168333336;-10685,7168333336
43,2000000000003;-10766,1680000003;-10766,1680000003
43,3000000000003;-10847,0211666669;-10847,0211666669
43,4000000000003;-10928,2773333336;-10928,2773333336
43,5000000000003;-11009,9375000003;-11009,9375000003
43,6000000000004;-11092,002666667;-11092,002666667
43,7000000000004;-11174,4738333336;-11174,4738333336
43,8000000000004;-11257,3520000003;-11257,3520000003
43,9000000000004;-11340,638166667;-11340,638166667
44,0000000000004;-11424,3333333336;-11424,3333333336
44,1000000000004;-11508,4385000003;-11508,4385000003
44,2000000000004;-11592,954666667;-11592,954666667
44,3000000000004;-11677,8828333336;-11677,8828333336
44,4000000000004;-11763,2240000003;-11763,2240000003
44,5000000000004;-11848,979166667;-11848,979166667
44,6000000000004;-11935,1493333336;-11935,1493333336
44,7000000000004;-12021,7355000003;-12021,7355000003
44,8000000000004;-12108,738666667;-12108,738666667
44,9000000000004;-12196,1598333337;-12196,1598333337
45,0000000000004;-12284,0000000003;-12284,0000000003
45,1000000000004;-12372,260166667;-12372,260166667
45,2000000000004;-12460,9413333337;-12460,9413333337
45,3000000000004;-12550,0445000003;-12550,0445000003
45,4000000000004;-12639,570666667;-12639,570666667
45,5000000000004;-12729,5208333337;-12729,5208333337
45,6000000000004;-12819,8960000003;-12819,8960000003
45,7000000000004;-12910,697166667;-12910,697166667
45,8000000000004;-13001,9253333337;-13001,9253333337
45,9000000000004;-13093,5815000003;-13093,5815000003
46,0000000000004;-13185,666666667;-13185,666666667
46,1000000000004;-13278,1818333337;-13278,1818333337
46,2000000000004;-13371,1280000004;-13371,1280000004
46,3000000000004;-13464,506166667;-13464,506166667
46,4000000000004;-13558,3173333337;-13558,3173333337
46,5000000000004;-13652,5625000004;-13652,5625000004
46,6000000000004;-13747,242666667;-13747,242666667
46,7000000000004;-13842,3588333337;-13842,3588333337
46,8000000000004;-13937,9120000004;-13937,9120000004
46,9000000000004;-14033,903166667;-14033,903166667
47,0000000000004;-14130,3333333337;-14130,3333333337
47,1000000000004;-14227,2035000004;-14227,2035000004
47,2000000000004;-14324,5146666671;-14324,5146666671
47,3000000000004;-14422,2678333337;-14422,2678333337
47,4000000000004;-14520,4640000004;-14520,4640000004
47,5000000000004;-14619,1041666671;-14619,1041666671
47,6000000000004;-14718,1893333337;-14718,1893333337
47,7000000000004;-14817,7205000004;-14817,7205000004
47,8000000000004;-14917,6986666671;-14917,6986666671
47,9000000000004;-15018,1248333337;-15018,1248333337
48,0000000000004;-15119,0000000004;-15119,0000000004
48,1000000000004;-15220,3251666671;-15220,3251666671
48,2000000000004;-15322,1013333338;-15322,1013333338
48,3000000000004;-15424,3295000004;-15424,3295000004
48,4000000000004;-15527,0106666671;-15527,0106666671
48,5000000000004;-15630,1458333338;-15630,1458333338
48,6000000000004;-15733,7360000004;-15733,7360000004
48,7000000000004;-15837,7821666671;-15837,7821666671
48,8000000000004;-15942,2853333338;-15942,2853333338
48,9000000000004;-16047,2465000004;-16047,2465000004
49,0000000000004;-16152,6666666671;-16152,6666666671
49,1000000000004;-16258,5468333338;-16258,5468333338
49,2000000000004;-16364,8880000005;-16364,8880000005
49,3000000000004;-16471,6911666671;-16471,6911666671
49,4000000000004;-16578,9573333338;-16578,9573333338
49,5000000000004;-16686,6875000005;-16686,6875000005
49,6000000000004;-16794,8826666671;-16794,8826666671
49,7000000000004;-16903,5438333338;-16903,5438333338
49,8000000000004;-17012,6720000005;-17012,6720000005
49,9000000000004;-17122,2681666671;-17122,2681666671
50,0000000000004;-17232,3333333338;-17232,3333333338
50,1000000000004;-17342,8685000005;-17342,8685000005
50,2000000000004;-17453,8746666672;-17453,8746666672
50,3000000000004;-17565,3528333338;-17565,3528333338
50,4000000000004;-17677,3040000005;-17677,3040000005
50,5000000000004;-17789,7291666672;-17789,7291666672
50,6000000000004;-17902,6293333338;-17902,6293333338
50,7000000000005;-18016,0055000005;-18016,0055000005
50,8000000000005;-18129,8586666672;-18129,8586666672
50,9000000000005;-18244,1898333339;-18244,1898333339
51,0000000000005;-18359,0000000005;-18359,0000000005
51,1000000000005;-18474,2901666672;-18474,2901666672
51,2000000000005;-18590,0613333339;-18590,0613333339
51,3000000000005;-18706,3145000005;-18706,3145000005
51,4000000000005;-18823,0506666672;-18823,0506666672
51,5000000000005;-18940,2708333339;-18940,2708333339
51,6000000000005;-19057,9760000005;-19057,9760000005
51,7000000000005;-19176,1671666672;-19176,1671666672
51,8000000000005;-19294,8453333339;-19294,8453333339
51,9000000000005;-19414,0115000006;-19414,0115000006
52,0000000000005;-19533,6666666672;-19533,6666666672
52,1000000000005;-19653,8118333339;-19653,8118333339
52,2000000000005;-19774,4480000006;-19774,4480000006
52,3000000000005;-19895,5761666672;-19895,5761666672
52,4000000000005;-20017,1973333339;-20017,1973333339
52,5000000000005;-20139,3125000006;-20139,3125000006
52,6000000000005;-20261,9226666673;-20261,9226666673
52,7000000000005;-20385,0288333339;-20385,0288333339
52,8000000000005;-20508,6320000006;-20508,6320000006
52,9000000000005;-20632,7331666673;-20632,7331666673
53,0000000000005;-20757,3333333339;-20757,3333333339
53,1000000000005;-20882,4335000006;-20882,4335000006
53,2000000000005;-21008,0346666673;-21008,0346666673
53,3000000000005;-21134,1378333339;-21134,1378333339
53,4000000000005;-21260,7440000006;-21260,7440000006
53,5000000000005;-21387,8541666673;-21387,8541666673
53,6000000000005;-21515,469333334;-21515,469333334
53,7000000000005;-21643,5905000006;-21643,5905000006
53,8000000000005;-21772,2186666673;-21772,2186666673
53,9000000000005;-21901,354833334;-21901,354833334
54,0000000000005;-22031,0000000006;-22031,0000000006
54,1000000000005;-22161,1551666673;-22161,1551666673
54,2000000000005;-22291,821333334;-22291,821333334
54,3000000000005;-22422,9995000007;-22422,9995000007
54,4000000000005;-22554,6906666673;-22554,6906666673
54,5000000000005;-22686,895833334;-22686,895833334
54,6000000000005;-22819,6160000007;-22819,6160000007
54,7000000000005;-22952,8521666673;-22952,8521666673
54,8000000000005;-23086,605333334;-23086,605333334
54,9000000000005;-23220,8765000007;-23220,8765000007
55,0000000000005;-23355,6666666674;-23355,6666666674
55,1000000000005;-23490,976833334;-23490,976833334
55,2000000000005;-23626,8080000007;-23626,8080000007
55,3000000000005;-23763,1611666674;-23763,1611666674
55,4000000000005;-23900,037333334;-23900,037333334
55,5000000000005;-24037,4375000007;-24037,4375000007
55,6000000000005;-24175,3626666674;-24175,3626666674
55,7000000000005;-24313,8138333341;-24313,8138333341
55,8000000000005;-24452,7920000007;-24452,7920000007
55,9000000000005;-24592,2981666674;-24592,2981666674
56,0000000000005;-24732,3333333341;-24732,3333333341
56,1000000000005;-24872,8985000007;-24872,8985000007
56,2000000000005;-25013,9946666674;-25013,9946666674
56,3000000000005;-25155,6228333341;-25155,6228333341
56,4000000000005;-25297,7840000008;-25297,7840000008
56,5000000000005;-25440,4791666674;-25440,4791666674
56,6000000000005;-25583,7093333341;-25583,7093333341
56,7000000000005;-25727,4755000008;-25727,4755000008
56,8000000000005;-25871,7786666674;-25871,7786666674
56,9000000000005;-26016,6198333341;-26016,6198333341
57,0000000000005;-26162,0000000008;-26162,0000000008
57,1000000000005;-26307,9201666675;-26307,9201666675
57,2000000000005;-26454,3813333341;-26454,3813333341
57,3000000000005;-26601,3845000008;-26601,3845000008
57,4000000000005;-26748,9306666675;-26748,9306666675
57,5000000000005;-26897,0208333341;-26897,0208333341
57,6000000000005;-27045,6560000008;-27045,6560000008
57,7000000000006;-27194,8371666675;-27194,8371666675
57,8000000000006;-27344,5653333342;-27344,5653333342
57,9000000000006;-27494,8415000008;-27494,8415000008
58,0000000000006;-27645,6666666675;-27645,6666666675
58,1000000000006;-27797,0418333342;-27797,0418333342
58,2000000000006;-27948,9680000008;-27948,9680000009
58,3000000000006;-28101,4461666675;-28101,4461666675
58,4000000000006;-28254,4773333342;-28254,4773333342
58,5000000000006;-28408,0625000009;-28408,0625000009
58,6000000000006;-28562,2026666675;-28562,2026666675
58,7000000000006;-28716,8988333342;-28716,8988333342
58,8000000000006;-28872,1520000009;-28872,1520000009
58,9000000000006;-29027,9631666675;-29027,9631666676
59,0000000000006;-29184,3333333342;-29184,3333333342
59,1000000000006;-29341,2635000009;-29341,2635000009
59,2000000000006;-29498,7546666676;-29498,7546666676
59,3000000000006;-29656,8078333342;-29656,8078333342
59,4000000000006;-29815,4240000009;-29815,4240000009
59,5000000000006;-29974,6041666676;-29974,6041666676
59,6000000000006;-30134,3493333343;-30134,3493333343
59,7000000000006;-30294,6605000009;-30294,6605000009
59,8000000000006;-30455,5386666676;-30455,5386666676
59,9000000000006;-30616,9848333343;-30616,9848333343
60,0000000000006;-30779,0000000009;-30779,0000000009
60,1000000000006;-30941,5851666676;-30941,5851666676
60,2000000000006;-31104,7413333343;-31104,7413333343
60,3000000000006;-31268,469500001;-31268,469500001
60,4000000000006;-31432,7706666676;-31432,7706666676
60,5000000000006;-31597,6458333343;-31597,6458333343
60,6000000000006;-31763,096000001;-31763,096000001
60,7000000000006;-31929,1221666677;-31929,1221666677
60,8000000000006;-32095,7253333343;-32095,7253333343
60,9000000000006;-32262,906500001;-32262,906500001
61,0000000000006;-32430,6666666677;-32430,6666666677
61,1000000000006;-32599,0068333343;-32599,0068333343
61,2000000000006;-32767,928000001;-32767,928000001
61,3000000000006;-32937,4311666677;-32937,4311666677
61,4000000000006;-33107,5173333344;-33107,5173333344
61,5000000000006;-33278,187500001;-33278,187500001
61,6000000000006;-33449,4426666677;-33449,4426666677
61,7000000000006;-33621,2838333344;-33621,2838333344
61,8000000000006;-33793,712000001;-33793,712000001
61,9000000000006;-33966,7281666677;-33966,7281666677
62,0000000000006;-34140,3333333344;-34140,3333333344
62,1000000000006;-34314,5285000011;-34314,5285000011
62,2000000000006;-34489,3146666677;-34489,3146666677
62,3000000000006;-34664,6928333344;-34664,6928333344
62,4000000000006;-34840,6640000011;-34840,6640000011
62,5000000000006;-35017,2291666678;-35017,2291666678
62,6000000000006;-35194,3893333344;-35194,3893333344
62,7000000000006;-35372,1455000011;-35372,1455000011
62,8000000000006;-35550,4986666678;-35550,4986666678
62,9000000000006;-35729,4498333345;-35729,4498333344
63,0000000000006;-35909,0000000011;-35909,0000000011
63,1000000000006;-36089,1501666678;-36089,1501666678
63,2000000000006;-36269,9013333345;-36269,9013333345
63,3000000000006;-36451,2545000011;-36451,2545000011
63,4000000000006;-36633,2106666678;-36633,2106666678
63,5000000000006;-36815,7708333345;-36815,7708333345
63,6000000000006;-36998,9360000012;-36998,9360000012
63,7000000000006;-37182,7071666678;-37182,7071666678
63,8000000000006;-37367,0853333345;-37367,0853333345
63,9000000000006;-37552,0715000012;-37552,0715000012
64,0000000000006;-37737,6666666679;-37737,6666666679
64,1000000000006;-37923,8718333345;-37923,8718333345
64,2000000000006;-38110,6880000012;-38110,6880000012
64,3000000000006;-38298,1161666678;-38298,1161666678
64,4000000000006;-38486,1573333345;-38486,1573333345
64,5000000000006;-38674,8125000012;-38674,8125000012
64,6000000000006;-38864,0826666678;-38864,0826666678
64,7000000000006;-39053,9688333345;-39053,9688333345
64,8000000000006;-39244,4720000011;-39244,4720000011
64,9000000000006;-39435,5931666678;-39435,5931666678
65,0000000000006;-39627,3333333345;-39627,3333333344
65,1000000000006;-39819,6935000011;-39819,6935000011
65,2000000000006;-40012,6746666678;-40012,6746666678
65,3000000000006;-40206,2778333344;-40206,2778333344
65,4000000000006;-40400,5040000011;-40400,5040000011
65,5000000000006;-40595,3541666677;-40595,3541666677
65,6000000000005;-40790,8293333344;-40790,8293333344
65,7000000000005;-40986,9305000011;-40986,9305000011
65,8000000000005;-41183,6586666677;-41183,6586666677
65,9000000000005;-41381,0148333344;-41381,0148333344
66,0000000000005;-41579,000000001;-41579,000000001
66,1000000000005;-41777,6151666677;-41777,6151666677
66,2000000000005;-41976,8613333344;-41976,8613333344
66,3000000000005;-42176,739500001;-42176,739500001
66,4000000000005;-42377,2506666677;-42377,2506666677
66,5000000000005;-42578,3958333343;-42578,3958333343
66,6000000000005;-42780,176000001;-42780,176000001
66,7000000000005;-42982,5921666677;-42982,5921666677
66,8000000000005;-43185,6453333343;-43185,6453333343
66,9000000000005;-43389,336500001;-43389,336500001
67,0000000000005;-43593,6666666676;-43593,6666666676
67,1000000000005;-43798,6368333343;-43798,6368333343
67,2000000000005;-44004,2480000009;-44004,2480000009
67,3000000000005;-44210,5011666676;-44210,5011666676
67,4000000000004;-44417,3973333343;-44417,3973333343
67,5000000000004;-44624,9375000009;-44624,9375000009
67,6000000000004;-44833,1226666676;-44833,1226666676
67,7000000000004;-45041,9538333342;-45041,9538333342
67,8000000000004;-45251,4320000009;-45251,4320000009
67,9000000000004;-45461,5581666676;-45461,5581666676
68,0000000000004;-45672,3333333342;-45672,3333333342
68,1000000000004;-45883,7585000009;-45883,7585000009
68,2000000000004;-46095,8346666675;-46095,8346666675
68,3000000000004;-46308,5628333342;-46308,5628333342
68,4000000000004;-46521,9440000008;-46521,9440000008
68,5000000000004;-46735,9791666675;-46735,9791666675
68,6000000000004;-46950,6693333341;-46950,6693333341
68,7000000000004;-47166,0155000008;-47166,0155000008
68,8000000000004;-47382,0186666675;-47382,0186666675
68,9000000000004;-47598,6798333341;-47598,6798333341
69,0000000000004;-47816,0000000008;-47816,0000000008
69,1000000000004;-48033,9801666674;-48033,9801666674
69,2000000000003;-48252,6213333341;-48252,6213333341
69,3000000000003;-48471,9245000007;-48471,9245000007
69,4000000000003;-48691,8906666674;-48691,8906666674
69,5000000000003;-48912,5208333341;-48912,5208333341
69,6000000000003;-49133,8160000007;-49133,8160000007
69,7000000000003;-49355,7771666674;-49355,7771666674
69,8000000000003;-49578,405333334;-49578,405333334
69,9000000000003;-49801,7015000007;-49801,7015000007
70,0000000000003;-50025,6666666673;-50025,6666666673
70,1000000000003;-50250,301833334;-50250,301833334
70,2000000000003;-50475,6080000006;-50475,6080000006
70,3000000000003;-50701,5861666673;-50701,5861666673
70,4000000000003;-50928,237333334;-50928,237333334
70,5000000000003;-51155,5625000006;-51155,5625000006
70,6000000000003;-51383,5626666673;-51383,5626666673
70,7000000000003;-51612,2388333339;-51612,2388333339
70,8000000000003;-51841,5920000006;-51841,5920000006
70,9000000000002;-52071,6231666672;-52071,6231666672
71,0000000000002;-52302,3333333339;-52302,3333333339
71,1000000000002;-52533,7235000005;-52533,7235000005
71,2000000000002;-52765,7946666672;-52765,7946666672
71,3000000000002;-52998,5478333339;-52998,5478333338
71,4000000000002;-53231,9840000005;-53231,9840000005
71,5000000000002;-53466,1041666672;-53466,1041666672
71,6000000000002;-53700,9093333338;-53700,9093333338
71,7000000000002;-53936,4005000005;-53936,4005000005
71,8000000000002;-54172,5786666671;-54172,5786666671
71,9000000000002;-54409,4448333338;-54409,4448333338
72,0000000000002;-54647,0000000004;-54647,0000000004
72,1000000000002;-54885,2451666671;-54885,2451666671
72,2000000000002;-55124,1813333337;-55124,1813333337
72,3000000000002;-55363,8095000004;-55363,8095000004
72,4000000000002;-55604,1306666671;-55604,1306666671
72,5000000000002;-55845,1458333337;-55845,1458333337
72,6000000000002;-56086,8560000004;-56086,8560000004
72,7000000000001;-56329,262166667;-56329,262166667
72,8000000000001;-56572,3653333337;-56572,3653333337
72,9000000000001;-56816,1665000003;-56816,1665000003
73,0000000000001;-57060,666666667;-57060,666666667
73,1000000000001;-57305,8668333336;-57305,8668333336
73,2000000000001;-57551,7680000003;-57551,7680000003
73,3000000000001;-57798,3711666669;-57798,3711666669
73,4000000000001;-58045,6773333336;-58045,6773333336
73,5000000000001;-58293,6875000003;-58293,6875000003
73,6000000000001;-58542,4026666669;-58542,4026666669
73,7000000000001;-58791,8238333336;-58791,8238333336
73,8000000000001;-59041,9520000002;-59041,9520000002
73,9000000000001;-59292,7881666669;-59292,7881666669
74,0000000000001;-59544,3333333335;-59544,3333333335
74,1000000000001;-59796,5885000002;-59796,5885000002
74,2000000000001;-60049,5546666668;-60049,5546666668
74,3000000000001;-60303,2328333335;-60303,2328333335
74,4;-60557,6240000001;-60557,6240000001
74,5;-60812,7291666668;-60812,7291666668
74,6;-61068,5493333334;-61068,5493333334
74,7;-61325,0855000001;-61325,0855000001
74,8;-61582,3386666667;-61582,3386666667
74,9;-61840,3098333334;-61840,3098333334
75;-62099;-62099
75,1;-62358,4101666667;-62358,4101666667
75,2;-62618,5413333333;-62618,5413333333
75,3;-62879,3945;-62879,3945
75,4;-63140,9706666666;-63140,9706666667
75,5;-63403,2708333333;-63403,2708333333
75,6;-63666,296;-63666,2959999999
75,7;-63930,0471666666;-63930,0471666666
75,8;-64194,5253333333;-64194,5253333332
75,9;-64459,7314999999;-64459,7314999999
76;-64725,6666666665;-64725,6666666665
76,1;-64992,3318333332;-64992,3318333332
76,1999999999999;-65259,7279999999;-65259,7279999999
76,2999999999999;-65527,8561666665;-65527,8561666665
76,3999999999999;-65796,7173333331;-65796,7173333332
76,4999999999999;-66066,3124999998;-66066,3124999998
76,5999999999999;-66336,6426666665;-66336,6426666665
76,6999999999999;-66607,7088333331;-66607,7088333331
76,7999999999999;-66879,5119999998;-66879,5119999998
76,8999999999999;-67152,0531666664;-67152,0531666664
76,9999999999999;-67425,3333333331;-67425,3333333331
77,0999999999999;-67699,3534999997;-67699,3534999997
77,1999999999999;-67974,1146666664;-67974,1146666664
77,2999999999999;-68249,617833333;-68249,617833333
77,3999999999999;-68525,8639999997;-68525,8639999997
77,4999999999999;-68802,8541666663;-68802,8541666663
77,5999999999999;-69080,589333333;-69080,589333333
77,6999999999999;-69359,0704999996;-69359,0704999996
77,7999999999999;-69638,2986666663;-69638,2986666662
77,8999999999998;-69918,2748333329;-69918,2748333329
77,9999999999998;-70198,9999999996;-70198,9999999996
78,0999999999998;-70480,4751666662;-70480,4751666662
78,1999999999998;-70762,7013333329;-70762,7013333329
78,2999999999998;-71045,6794999995;-71045,6794999995
78,3999999999998;-71329,4106666662;-71329,4106666662
78,4999999999998;-71613,8958333328;-71613,8958333328
78,5999999999998;-71899,1359999995;-71899,1359999994
78,6999999999998;-72185,1321666661;-72185,1321666661
78,7999999999998;-72471,8853333328;-72471,8853333327
78,8999999999998;-72759,3964999994;-72759,3964999994
78,9999999999998;-73047,666666666;-73047,6666666661
79,0999999999998;-73336,6968333327;-73336,6968333327
79,1999999999998;-73626,4879999994;-73626,4879999994
79,2999999999998;-73917,041166666;-73917,041166666
79,3999999999998;-74208,3573333326;-74208,3573333326
79,4999999999998;-74500,4374999993;-74500,4374999993
79,5999999999998;-74793,2826666659;-74793,2826666659
79,6999999999997;-75086,8938333326;-75086,8938333326
79,7999999999997;-75381,2719999992;-75381,2719999992
79,8999999999997;-75676,4181666659;-75676,4181666659
79,9999999999997;-75972,3333333325;-75972,3333333325
80,0999999999997;-76269,0184999992;-76269,0184999992
80,1999999999997;-76566,4746666658;-76566,4746666658
80,2999999999997;-76864,7028333325;-76864,7028333325
80,3999999999997;-77163,7039999991;-77163,7039999991
80,4999999999997;-77463,4791666658;-77463,4791666658
80,5999999999997;-77764,0293333324;-77764,0293333324
80,6999999999997;-78065,3554999991;-78065,3554999991
80,7999999999997;-78367,4586666657;-78367,4586666657
80,8999999999997;-78670,3398333324;-78670,3398333324
80,9999999999997;-78973,999999999;-78973,999999999
81,0999999999997;-79278,4401666656;-79278,4401666656
81,1999999999997;-79583,6613333323;-79583,6613333323
81,2999999999997;-79889,6644999989;-79889,6644999989
81,3999999999997;-80196,4506666656;-80196,4506666656
81,4999999999996;-80504,0208333322;-80504,0208333322
81,5999999999996;-80812,3759999989;-80812,3759999989
81,6999999999996;-81121,5171666655;-81121,5171666655
81,7999999999996;-81431,4453333322;-81431,4453333322
81,8999999999996;-81742,1614999988;-81742,1614999988
81,9999999999996;-82053,6666666655;-82053,6666666655
82,0999999999996;-82365,9618333321;-82365,9618333321
82,1999999999996;-82679,0479999988;-82679,0479999988
82,2999999999996;-82992,9261666654;-82992,9261666654
82,3999999999996;-83307,597333332;-83307,597333332
82,4999999999996;-83623,0624999987;-83623,0624999987
82,5999999999996;-83939,3226666653;-83939,3226666653
82,6999999999996;-84256,378833332;-84256,378833332
82,7999999999996;-84574,2319999986;-84574,2319999986
82,8999999999996;-84892,8831666653;-84892,8831666653
82,9999999999996;-85212,3333333319;-85212,3333333319
83,0999999999996;-85532,5834999986;-85532,5834999986
83,1999999999995;-85853,6346666652;-85853,6346666652
83,2999999999995;-86175,4878333319;-86175,4878333319
83,3999999999995;-86498,1439999985;-86498,1439999985
83,4999999999995;-86821,6041666652;-86821,6041666651
83,5999999999995;-87145,8693333318;-87145,8693333318
83,6999999999995;-87470,9404999984;-87470,9404999984
83,7999999999995;-87796,8186666651;-87796,8186666651
83,8999999999995;-88123,5048333317;-88123,5048333317
83,9999999999995;-88450,9999999984;-88450,9999999984
84,0999999999995;-88779,305166665;-88779,305166665
84,1999999999995;-89108,4213333317;-89108,4213333317
84,2999999999995;-89438,3494999983;-89438,3494999983
84,3999999999995;-89769,0906666649;-89769,090666665
84,4999999999995;-90100,6458333316;-90100,6458333316
84,5999999999995;-90433,0159999982;-90433,0159999982
84,6999999999995;-90766,2021666649;-90766,2021666649
84,7999999999995;-91100,2053333315;-91100,2053333315
84,8999999999995;-91435,0264999982;-91435,0264999982
84,9999999999994;-91770,6666666648;-91770,6666666648
85,0999999999994;-92107,1268333315;-92107,1268333314
85,1999999999994;-92444,4079999981;-92444,4079999981
85,2999999999994;-92782,5111666647;-92782,5111666647
85,3999999999994;-93121,4373333314;-93121,4373333314
85,4999999999994;-93461,187499998;-93461,187499998
85,5999999999994;-93801,7626666646;-93801,7626666647
85,6999999999994;-94143,1638333313;-94143,1638333313
85,7999999999994;-94485,3919999979;-94485,391999998
85,8999999999994;-94828,4481666646;-94828,4481666646
85,9999999999994;-95172,3333333312;-95172,3333333312
86,0999999999994;-95517,0484999979;-95517,0484999979
86,1999999999994;-95862,5946666645;-95862,5946666645
86,2999999999994;-96208,9728333312;-96208,9728333312
86,3999999999994;-96556,1839999978;-96556,1839999978
86,4999999999994;-96904,2291666644;-96904,2291666644
86,5999999999994;-97253,1093333311;-97253,1093333311
86,6999999999993;-97602,8254999977;-97602,8254999977
86,7999999999993;-97953,3786666644;-97953,3786666644
86,8999999999993;-98304,769833331;-98304,769833331
86,9999999999993;-98656,9999999977;-98656,9999999976
87,0999999999993;-99010,0701666643;-99010,0701666643
87,1999999999993;-99363,9813333309;-99363,9813333309
87,2999999999993;-99718,7344999976;-99718,7344999976
87,3999999999993;-100074,330666664;-100074,330666664
87,4999999999993;-100430,770833331;-100430,770833331
87,5999999999993;-100788,055999997;-100788,055999997
87,6999999999993;-101146,187166664;-101146,187166664
87,7999999999993;-101505,165333331;-101505,165333331
87,8999999999993;-101864,991499997;-101864,991499997
87,9999999999993;-102225,666666664;-102225,666666664
88,0999999999993;-102587,191833331;-102587,191833331
88,1999999999993;-102949,567999997;-102949,567999997
88,2999999999993;-103312,796166664;-103312,796166664
88,3999999999993;-103676,877333331;-103676,877333331
88,4999999999992;-104041,812499997;-104041,812499997
88,5999999999992;-104407,602666664;-104407,602666664
88,6999999999992;-104774,248833331;-104774,248833331
88,7999999999992;-105141,751999997;-105141,751999997
88,8999999999992;-105510,113166664;-105510,113166664
88,9999999999992;-105879,33333333;-105879,33333333
89,0999999999992;-106249,413499997;-106249,413499997
89,1999999999992;-106620,354666664;-106620,354666664
89,2999999999992;-106992,15783333;-106992,15783333
89,3999999999992;-107364,823999997;-107364,823999997
89,4999999999992;-107738,354166664;-107738,354166664
89,5999999999992;-108112,74933333;-108112,74933333
89,6999999999992;-108488,010499997;-108488,010499997
89,7999999999992;-108864,138666664;-108864,138666664
89,8999999999992;-109241,13483333;-109241,13483333
89,9999999999992;-109618,999999997;-109618,999999997
90,0999999999992;-109997,735166663;-109997,735166663
90,1999999999992;-110377,34133333;-110377,34133333
90,2999999999991;-110757,819499997;-110757,819499997
90,3999999999991;-111139,170666663;-111139,170666663
90,4999999999991;-111521,39583333;-111521,39583333
90,5999999999991;-111904,495999997;-111904,495999997
90,6999999999991;-112288,472166663;-112288,472166663
90,7999999999991;-112673,32533333;-112673,32533333
90,8999999999991;-113059,056499997;-113059,056499997
90,9999999999991;-113445,666666663;-113445,666666663
91,0999999999991;-113833,15683333;-113833,15683333
91,1999999999991;-114221,527999996;-114221,527999996
91,2999999999991;-114610,781166663;-114610,781166663
91,3999999999991;-115000,91733333;-115000,91733333
91,4999999999991;-115391,937499996;-115391,937499996
91,5999999999991;-115783,842666663;-115783,842666663
91,6999999999991;-116176,63383333;-116176,63383333
91,7999999999991;-116570,311999996;-116570,311999996
91,8999999999991;-116964,878166663;-116964,878166663
91,999999999999;-117360,33333333;-117360,33333333
92,099999999999;-117756,678499996;-117756,678499996
92,199999999999;-118153,914666663;-118153,914666663
92,299999999999;-118552,042833329;-118552,042833329
92,399999999999;-118951,063999996;-118951,063999996
92,499999999999;-119350,979166663;-119350,979166663
92,599999999999;-119751,789333329;-119751,789333329
92,699999999999;-120153,495499996;-120153,495499996
92,799999999999;-120556,098666663;-120556,098666663
92,899999999999;-120959,599833329;-120959,599833329
92,999999999999;-121363,999999996;-121363,999999996
93,099999999999;-121769,300166663;-121769,300166663
93,199999999999;-122175,501333329;-122175,501333329
93,299999999999;-122582,604499996;-122582,604499996
93,399999999999;-122990,610666662;-122990,610666662
93,499999999999;-123399,520833329;-123399,520833329
93,599999999999;-123809,335999996;-123809,335999996
93,699999999999;-124220,057166662;-124220,057166662
93,7999999999989;-124631,685333329;-124631,685333329
93,8999999999989;-125044,221499996;-125044,221499996
93,9999999999989;-125457,666666662;-125457,666666662
94,0999999999989;-125872,021833329;-125872,021833329
94,1999999999989;-126287,287999996;-126287,287999996
94,2999999999989;-126703,466166662;-126703,466166662
94,3999999999989;-127120,557333329;-127120,557333329
94,4999999999989;-127538,562499995;-127538,562499995
94,5999999999989;-127957,482666662;-127957,482666662
94,6999999999989;-128377,318833329;-128377,318833329
94,7999999999989;-128798,071999995;-128798,071999995
94,8999999999989;-129219,743166662;-129219,743166662
94,9999999999989;-129642,333333329;-129642,333333329
95,0999999999989;-130065,843499995;-130065,843499995
95,1999999999989;-130490,274666662;-130490,274666662
95,2999999999989;-130915,627833328;-130915,627833328
95,3999999999989;-131341,903999995;-131341,903999995
95,4999999999988;-131769,104166662;-131769,104166662
95,5999999999988;-132197,229333328;-132197,229333328
95,6999999999988;-132626,280499995;-132626,280499995
95,7999999999988;-133056,258666662;-133056,258666662
95,8999999999988;-133487,164833328;-133487,164833328
95,9999999999988;-133918,999999995;-133918,999999995
96,0999999999988;-134351,765166662;-134351,765166662
96,1999999999988;-134785,461333328;-134785,461333328
96,2999999999988;-135220,089499995;-135220,089499995
96,3999999999988;-135655,650666661;-135655,650666661
96,4999999999988;-136092,145833328;-136092,145833328
96,5999999999988;-136529,575999995;-136529,575999995
96,6999999999988;-136967,942166661;-136967,942166661
96,7999999999988;-137407,245333328;-137407,245333328
96,8999999999988;-137847,486499995;-137847,486499995
96,9999999999988;-138288,666666661;-138288,666666661
97,0999999999988;-138730,786833328;-138730,786833328
97,1999999999988;-139173,847999994;-139173,847999994
97,2999999999987;-139617,851166661;-139617,851166661
97,3999999999987;-140062,797333328;-140062,797333328
97,4999999999987;-140508,687499994;-140508,687499994
97,5999999999987;-140955,522666661;-140955,522666661
97,6999999999987;-141403,303833328;-141403,303833328
97,7999999999987;-141852,031999994;-141852,031999994
97,8999999999987;-142301,708166661;-142301,708166661
97,9999999999987;-142752,333333327;-142752,333333328
98,0999999999987;-143203,908499994;-143203,908499994
98,1999999999987;-143656,434666661;-143656,434666661
98,2999999999987;-144109,912833327;-144109,912833327
98,3999999999987;-144564,343999994;-144564,343999994
98,4999999999987;-145019,729166661;-145019,729166661
98,5999999999987;-145476,069333327;-145476,069333327
98,6999999999987;-145933,365499994;-145933,365499994
98,7999999999987;-146391,618666661;-146391,618666661
98,8999999999987;-146850,829833327;-146850,829833327
98,9999999999987;-147310,999999994;-147310,999999994
99,0999999999986;-147772,13016666;-147772,13016666
99,1999999999986;-148234,221333327;-148234,221333327
99,2999999999986;-148697,274499994;-148697,274499994
99,3999999999986;-149161,29066666;-149161,29066666
99,4999999999986;-149626,270833327;-149626,270833327
99,5999999999986;-150092,215999994;-150092,215999994
99,6999999999986;-150559,12716666;-150559,12716666
99,7999999999986;-151027,005333327;-151027,005333327
99,8999999999986;-151495,851499993;-151495,851499993
