(+1 x^4-16 x^3+72 x^2-96x+24)/24
-4;118,333333333333;118,333333333333
-3,982;117,066185561707;117,066185561707
-3,964;115,808711195317;115,808711195317
-3,946;114,560863735627;114,560863735627
-3,928;113,322596789077;113,322596789077
-3,91;112,093864067083;112,093864067083
-3,892;110,874619386037;110,874619386037
-3,874;109,664816667307;109,664816667307
-3,856;108,464409937237;108,464409937237
-3,838;107,273353327147;107,273353327147
-3,82;106,091601073333;106,091601073333
-3,802;104,919107517067;104,919107517068
-3,784;103,755827104597;103,755827104597
-3,766;102,601714387148;102,601714387147
-3,748;101,456724020918;101,456724020918
-3,73;100,320810767084;100,320810767084
-3,712;99,1939294917975;99,1939294917975
-3,694;98,0760351661876;98,0760351661875
-3,676;96,9670828663576;96,9670828663576
-3,658;95,8670277733876;95,8670277733876
-3,64;94,7758251733336;94,7758251733336
-3,622;93,6934304572276;93,6934304572276
-3,604;92,6197991210776;92,6197991210776
-3,586;91,5548867658676;91,5548867658676
-3,568;90,4986490975576;90,4986490975576
-3,55000000000001;89,4510419270836;89,4510419270836
-3,53200000000001;88,4120211703576;88,4120211703577
-3,51400000000001;87,3815428482677;87,3815428482677
-3,49600000000001;86,3595630866777;86,3595630866777
-3,47800000000001;85,3460381164277;85,3460381164277
-3,46000000000001;84,3409242733337;84,3409242733337
-3,44200000000001;83,3441779981877;83,3441779981877
-3,42400000000001;82,3557558367577;82,3557558367577
-3,40600000000001;81,3756144397877;81,3756144397877
-3,38800000000001;80,4037105629977;80,4037105629977
-3,37000000000001;79,4400010670837;79,4400010670838
-3,35200000000001;78,4844429177177;78,4844429177177
-3,33400000000001;77,5369931855477;77,5369931855477
-3,31600000000001;76,5976090461977;76,5976090461977
-3,29800000000001;75,6662477802677;75,6662477802678
-3,28000000000001;74,7428667733338;74,7428667733338
-3,26200000000001;73,8274235159478;73,8274235159477
-3,24400000000001;72,9198756036378;72,9198756036378
-3,22600000000001;72,0201807369078;72,0201807369078
-3,20800000000001;71,1282967212378;71,1282967212378
-3,19000000000001;70,2441814670838;70,2441814670838
-3,17200000000001;69,3677929898778;69,3677929898778
-3,15400000000001;68,4990894100278;68,4990894100278
-3,13600000000001;67,6380289529178;67,6380289529178
-3,11800000000001;66,7845699489078;66,7845699489078
-3,10000000000001;65,9386708333338;65,9386708333338
-3,08200000000001;65,1002901465078;65,1002901465078
-3,06400000000001;64,2693865337178;64,2693865337178
-3,04600000000001;63,4459187452278;63,4459187452278
-3,02800000000001;62,6298456362778;62,6298456362778
-3,01000000000001;61,8211261670838;61,8211261670838
-2,99200000000001;61,0197194028378;61,0197194028378
-2,97400000000001;60,2255845137078;60,2255845137078
-2,95600000000001;59,4386807748379;59,4386807748379
-2,93800000000001;58,6589675663479;58,6589675663479
-2,92000000000001;57,8864043733339;57,8864043733339
-2,90200000000001;57,1209507858679;57,1209507858679
-2,88400000000001;56,3625664989979;56,3625664989979
-2,86600000000001;55,6112113127479;55,6112113127479
-2,84800000000001;54,8668451321179;54,8668451321179
-2,83000000000001;54,1294279670839;54,1294279670839
-2,81200000000001;53,3989199325979;53,3989199325979
-2,79400000000001;52,6752812485879;52,6752812485879
-2,77600000000001;51,9584722399579;51,9584722399579
-2,75800000000001;51,2484533365879;51,2484533365879
-2,74000000000001;50,5451850733339;50,5451850733339
-2,72200000000001;49,8486280900279;49,8486280900279
-2,70400000000001;49,1587431314779;49,1587431314779
-2,68600000000002;48,4754910474679;48,4754910474679
-2,66800000000002;47,7988327927579;47,7988327927579
-2,65000000000002;47,1287294270839;47,1287294270839
-2,63200000000002;46,4651421151579;46,4651421151579
-2,61400000000002;45,8080321266679;45,8080321266679
-2,59600000000002;45,1573608362779;45,1573608362779
-2,57800000000002;44,5130897236279;44,5130897236279
-2,56000000000002;43,8751803733339;43,8751803733339
-2,54200000000002;43,2435944749879;43,2435944749879
-2,52400000000002;42,6182938231579;42,6182938231579
-2,50600000000002;41,9992403173879;41,9992403173879
-2,48800000000002;41,3863959621979;41,3863959621979
-2,47000000000002;40,7797228670839;40,7797228670839
-2,45200000000002;40,1791832465179;40,1791832465179
-2,43400000000002;39,5847394199479;39,5847394199479
-2,41600000000002;38,9963538117979;38,9963538117979
-2,39800000000002;38,4139889514679;38,4139889514679
-2,38000000000002;37,8376074733339;37,8376074733339
-2,36200000000002;37,2671721167479;37,2671721167479
-2,34400000000002;36,7026457260379;36,7026457260379
-2,32600000000002;36,1439912505079;36,1439912505079
-2,30800000000002;35,5911717444379;35,5911717444379
-2,29000000000002;35,0441503670839;35,0441503670839
-2,27200000000002;34,5028903826779;34,5028903826779
-2,25400000000002;33,9673551604279;33,9673551604279
-2,23600000000002;33,4375081745179;33,4375081745179
-2,21800000000002;32,9133130041079;32,9133130041079
-2,20000000000002;32,3947333333339;32,3947333333339
-2,18200000000002;31,8817329513079;31,8817329513079
-2,16400000000002;31,3742757521179;31,3742757521179
-2,14600000000002;30,8723257348279;30,8723257348279
-2,12800000000002;30,3758470034779;30,3758470034779
-2,11000000000002;29,8848037670839;29,8848037670839
-2,09200000000002;29,3991603396379;29,3991603396379
-2,07400000000002;28,9188811401079;28,9188811401079
-2,05600000000002;28,4439306924379;28,4439306924379
-2,03800000000002;27,9742736255479;27,9742736255479
-2,02000000000002;27,5098746733339;27,5098746733339
-2,00200000000002;27,0506986746679;27,0506986746679
-1,98400000000002;26,5967105733979;26,5967105733979
-1,96600000000002;26,1478754183479;26,1478754183479
-1,94800000000002;25,7041583633179;25,7041583633179
-1,93000000000002;25,2655246670839;25,2655246670839
-1,91200000000002;24,8319396933979;24,8319396933979
-1,89400000000002;24,4033689109879;24,4033689109879
-1,87600000000002;23,9797778935579;23,9797778935579
-1,85800000000002;23,5611323197879;23,5611323197879
-1,84000000000002;23,1473979733339;23,1473979733339
-1,82200000000002;22,7385407428278;22,7385407428278
-1,80400000000002;22,3345266218778;22,3345266218778
-1,78600000000002;21,9353217090678;21,9353217090678
-1,76800000000002;21,5408922079578;21,5408922079578
-1,75000000000002;21,1512044270838;21,1512044270838
-1,73200000000002;20,7662247799578;20,7662247799578
-1,71400000000002;20,3859197850678;20,3859197850678
-1,69600000000002;20,0102560658778;20,0102560658778
-1,67800000000002;19,6392003508278;19,6392003508278
-1,66000000000002;19,2727194733338;19,2727194733338
-1,64200000000002;18,9107803717878;18,9107803717878
-1,62400000000002;18,5533500895578;18,5533500895578
-1,60600000000002;18,2003957749878;18,2003957749878
-1,58800000000002;17,8518846813978;17,8518846813978
-1,57000000000002;17,5077841670838;17,5077841670838
-1,55200000000002;17,1680616953178;17,1680616953178
-1,53400000000002;16,8326848343478;16,8326848343477
-1,51600000000002;16,5016212573977;16,5016212573977
-1,49800000000002;16,1748387426677;16,1748387426677
-1,48000000000002;15,8523051733337;15,8523051733337
-1,46200000000002;15,5339885375477;15,5339885375477
-1,44400000000002;15,2198569284377;15,2198569284377
-1,42600000000002;14,9098785441077;14,9098785441077
-1,40800000000002;14,6040216876377;14,6040216876377
-1,39000000000002;14,3022547670837;14,3022547670837
-1,37200000000002;14,0045462954777;14,0045462954777
-1,35400000000002;13,7108648908277;13,7108648908277
-1,33600000000002;13,4211792761177;13,4211792761177
-1,31800000000002;13,1354582793077;13,1354582793077
-1,30000000000002;12,8536708333337;12,8536708333337
-1,28200000000002;12,5757859761077;12,5757859761077
-1,26400000000002;12,3017728505177;12,3017728505177
-1,24600000000002;12,0316007044277;12,0316007044277
-1,22800000000002;11,7652388906777;11,7652388906777
-1,21000000000002;11,5026568670837;11,5026568670837
-1,19200000000002;11,2438241964377;11,2438241964377
-1,17400000000002;10,9887105465076;10,9887105465076
-1,15600000000002;10,7372856900376;10,7372856900376
-1,13800000000002;10,4895195047476;10,4895195047476
-1,12000000000002;10,2453819733336;10,2453819733336
-1,10200000000002;10,0048431834676;10,0048431834676
-1,08400000000002;9,76787332779762;9,76787332779762
-1,06600000000002;9,53444270394762;9,53444270394762
-1,04800000000002;9,30452171451761;9,30452171451761
-1,03000000000002;9,07808086708361;9,07808086708361
-1,01200000000002;8,8550907741976;8,8550907741976
-0,994000000000022;8,6355221533876;8,6355221533876
-0,976000000000022;8,41934582715759;8,4193458271576
-0,958000000000022;8,20653272298759;8,20653272298759
-0,940000000000022;7,99705387333359;7,99705387333358
-0,922000000000022;7,79088041562758;7,79088041562758
-0,904000000000022;7,58798359227758;7,58798359227758
-0,886000000000022;7,38833475066757;7,38833475066757
-0,868000000000022;7,19190534315757;7,19190534315757
-0,850000000000022;6,99866692708357;6,99866692708357
-0,832000000000022;6,80859116475756;6,80859116475756
-0,814000000000022;6,62164982346756;6,62164982346756
-0,796000000000022;6,43781477547755;6,43781477547755
-0,778000000000022;6,25705799802755;6,25705799802755
-0,760000000000022;6,07935157333355;6,07935157333355
-0,742000000000022;5,90466768858754;5,90466768858755
-0,724000000000022;5,73297863595754;5,73297863595754
-0,706000000000022;5,56425681258754;5,56425681258754
-0,688000000000022;5,39847472059753;5,39847472059753
-0,670000000000022;5,23560496708353;5,23560496708353
-0,652000000000022;5,07562026411752;5,07562026411752
-0,634000000000022;4,91849342874752;4,91849342874752
-0,616000000000022;4,76419738299752;4,76419738299752
-0,598000000000022;4,61270515386751;4,61270515386752
-0,580000000000022;4,46398987333351;4,46398987333351
-0,562000000000022;4,31802477834751;4,31802477834751
-0,544000000000022;4,1747832108375;4,1747832108375
-0,526000000000022;4,0342386177075;4,0342386177075
-0,508000000000022;3,8963645508375;3,8963645508375
-0,490000000000022;3,76113466708349;3,76113466708349
-0,472000000000022;3,62852272827749;3,62852272827749
-0,454000000000022;3,49850260122749;3,49850260122749
-0,436000000000021;3,37104825771748;3,37104825771748
-0,418000000000021;3,24613377450748;3,24613377450748
-0,400000000000021;3,12373333333348;3,12373333333348
-0,382000000000021;3,00382122090747;3,00382122090747
-0,364000000000021;2,88637182891747;2,88637182891747
-0,346000000000021;2,77135965402747;2,77135965402747
-0,328000000000021;2,65875929787747;2,65875929787747
-0,310000000000021;2,54854546708346;2,54854546708346
-0,292000000000021;2,44069297323746;2,44069297323746
-0,274000000000021;2,33517673290746;2,33517673290746
-0,256000000000021;2,23197176763745;2,23197176763745
-0,238000000000021;2,13105320394745;2,13105320394745
-0,220000000000021;2,03239627333345;2,03239627333345
-0,202000000000021;1,93597631226745;1,93597631226745
-0,184000000000021;1,84176876219744;1,84176876219744
-0,166000000000021;1,74974916954744;1,74974916954744
-0,148000000000021;1,65989318571744;1,65989318571744
-0,130000000000021;1,57217656708344;1,57217656708344
-0,112000000000021;1,48657517499743;1,48657517499743
-0,0940000000000214;1,40306497578743;1,40306497578743
-0,0760000000000214;1,32162204075743;1,32162204075743
-0,0580000000000214;1,24222254618743;1,24222254618743
-0,0400000000000214;1,16484277333342;1,16484277333342
-0,0220000000000214;1,08945910842742;1,08945910842742
-0,0040000000000214;1,01604804267742;1,01604804267742
0,0139999999999786;0,944586172267417;0,944586172267417
0,0319999999999786;0,875050198357415;0,875050198357415
0,0499999999999786;0,807416927083413;0,807416927083413
0,0679999999999786;0,74166326955741;0,741663269557411
0,0859999999999786;0,677766241867408;0,677766241867408
0,103999999999979;0,615702965077406;0,615702965077406
0,121999999999979;0,555450665227404;0,555450665227404
0,139999999999979;0,496986673333402;0,496986673333402
0,157999999999979;0,4402884253874;0,4402884253874
0,175999999999979;0,385333462357398;0,385333462357398
0,193999999999979;0,332099430187396;0,332099430187395
0,211999999999979;0,280564079797394;0,280564079797394
0,229999999999979;0,230705267083392;0,230705267083392
0,247999999999979;0,18250095291739;0,18250095291739
0,265999999999979;0,135929203147388;0,135929203147388
0,283999999999979;0,090968188597386;0,0909681885973863
0,301999999999979;0,0475961850673841;0,0475961850673842
0,319999999999979;0,00579157333338218;0,00579157333338215
0,337999999999979;-0,0344671608526197;-0,0344671608526197
0,355999999999979;-0,0732014267626215;-0,0732014267626215
0,373999999999979;-0,110432528692623;-0,110432528692623
0,391999999999979;-0,146181665962625;-0,146181665962625
0,409999999999979;-0,180469932916627;-0,180469932916627
0,427999999999979;-0,213318318922629;-0,213318318922628
0,445999999999979;-0,24474770837263;-0,24474770837263
0,463999999999979;-0,274778880682632;-0,274778880682632
0,481999999999979;-0,303432510292634;-0,303432510292634
0,499999999999979;-0,330729166666635;-0,330729166666635
0,517999999999979;-0,356689314292637;-0,356689314292637
0,535999999999979;-0,381333312682638;-0,381333312682638
0,553999999999979;-0,40468141637264;-0,40468141637264
0,571999999999979;-0,426753774922641;-0,426753774922641
0,589999999999979;-0,447570432916643;-0,447570432916643
0,607999999999979;-0,467151329962644;-0,467151329962644
0,625999999999979;-0,485516300692646;-0,485516300692646
0,643999999999979;-0,502685074762647;-0,502685074762647
0,661999999999979;-0,518677276852648;-0,518677276852649
0,679999999999979;-0,53351242666665;-0,53351242666665
0,697999999999979;-0,547209938932651;-0,547209938932651
0,715999999999979;-0,559789123402652;-0,559789123402653
0,733999999999979;-0,571269184852654;-0,571269184852654
0,751999999999979;-0,581669223082655;-0,581669223082655
0,769999999999979;-0,591008232916656;-0,591008232916656
0,787999999999979;-0,599305104202657;-0,599305104202658
0,805999999999979;-0,606578621812659;-0,606578621812659
0,823999999999979;-0,61284746564266;-0,61284746564266
0,841999999999979;-0,618130210612661;-0,618130210612661
0,859999999999979;-0,622445326666662;-0,622445326666662
0,877999999999979;-0,625811178772664;-0,625811178772663
0,895999999999979;-0,628246026922664;-0,628246026922664
0,913999999999979;-0,629768026132665;-0,629768026132665
0,931999999999979;-0,630395226442666;-0,630395226442666
0,949999999999979;-0,630145572916668;-0,630145572916668
0,967999999999979;-0,629036905642668;-0,629036905642669
0,985999999999979;-0,627086959732669;-0,627086959732669
1,00399999999998;-0,62431336532267;-0,62431336532267
1,02199999999998;-0,620733647572671;-0,620733647572671
1,03999999999998;-0,616365226666672;-0,616365226666672
1,05799999999998;-0,611225417812673;-0,611225417812673
1,07599999999998;-0,605331431242674;-0,605331431242674
1,09399999999998;-0,598700372212675;-0,598700372212675
1,11199999999998;-0,591349241002675;-0,591349241002676
1,12999999999998;-0,583294932916676;-0,583294932916676
1,14799999999998;-0,574554238282677;-0,574554238282677
1,16599999999998;-0,565143842452678;-0,565143842452678
1,18399999999998;-0,555080325802678;-0,555080325802679
1,20199999999998;-0,54438016373268;-0,544380163732679
1,21999999999998;-0,53305972666668;-0,53305972666668
1,23799999999998;-0,521135280052681;-0,521135280052681
1,25599999999998;-0,508622984362681;-0,508622984362682
1,27399999999998;-0,495538895092682;-0,495538895092682
1,29199999999998;-0,481898962762682;-0,481898962762683
1,30999999999998;-0,467719032916683;-0,467719032916683
1,32799999999998;-0,453014846122684;-0,453014846122684
1,34599999999998;-0,437802037972684;-0,437802037972684
1,36399999999998;-0,422096139082684;-0,422096139082685
1,38199999999998;-0,405912575092685;-0,405912575092685
1,39999999999998;-0,389266666666687;-0,389266666666686
1,41799999999998;-0,372173629492686;-0,372173629492686
1,43599999999998;-0,354648574282687;-0,354648574282687
1,45399999999998;-0,336706506772688;-0,336706506772687
1,47199999999998;-0,318362327722687;-0,318362327722688
1,48999999999998;-0,299630832916688;-0,299630832916688
1,50799999999998;-0,280526713162688;-0,280526713162689
1,52599999999998;-0,26106455429269;-0,261064554292689
1,54399999999998;-0,241258837162689;-0,241258837162689
1,56199999999998;-0,221123937652689;-0,22112393765269
1,57999999999998;-0,20067412666669;-0,20067412666669
1,59799999999998;-0,17992357013269;-0,17992357013269
1,61599999999998;-0,15888632900269;-0,15888632900269
1,63399999999998;-0,13757635925269;-0,137576359252691
1,65199999999998;-0,116007511882692;-0,116007511882691
1,66999999999998;-0,0941935329166909;-0,0941935329166914
1,68799999999998;-0,0721480634026923;-0,0721480634026918
1,70599999999998;-0,0498846394126919;-0,0498846394126917
1,72399999999998;-0,027416692042691;-0,0274166920426919
1,74199999999998;-0,00475754741269352;-0,00475754741269252
1,75999999999998;0,0180795733333082;0,0180795733333076
1,77799999999998;0,0410815540273066;0,0410815540273076
1,79599999999998;0,064235383477308;0,0642353834773073
1,81399999999998;0,0875281554673066;0,0875281554673071
1,83199999999998;0,110947068757307;0,110947068757307
1,84999999999998;0,134479427083306;0,134479427083307
1,86799999999998;0,158112639157308;0,158112639157307
1,88599999999998;0,181834218667308;0,181834218667307
1,90399999999998;0,205631784277308;0,205631784277307
1,92199999999998;0,229493059627308;0,229493059627307
1,93999999999998;0,253405873333308;0,253405873333307
1,95799999999998;0,277358158987307;0,277358158987307
1,97599999999998;0,301337955157307;0,301337955157307
1,99399999999998;0,325333405387306;0,325333405387307
2,01199999999998;0,349332758197308;0,349332758197307
2,02999999999998;0,373324367083308;0,373324367083306
2,04799999999998;0,397296690517307;0,397296690517306
2,06599999999998;0,421238291947304;0,421238291947306
2,08399999999998;0,445137839797307;0,445137839797306
2,10199999999998;0,468984107467307;0,468984107467306
2,11999999999998;0,492765973333307;0,492765973333305
2,13799999999998;0,516472420747305;0,516472420747305
2,15599999999998;0,540092538037306;0,540092538037305
2,17399999999998;0,563615518507307;0,563615518507305
2,19199999999998;0,587030660437304;0,587030660437305
2,20999999999998;0,610327367083304;0,610327367083305
2,22799999999998;0,633495146677302;0,633495146677305
2,24599999999998;0,656523612427307;0,656523612427305
2,26399999999998;0,679402482517304;0,679402482517304
2,28199999999998;0,702121580107303;0,702121580107304
2,29999999999998;0,724670833333303;0,724670833333304
2,31799999999998;0,747040275307306;0,747040275307304
2,33599999999998;0,769220044117303;0,769220044117304
2,35399999999998;0,791200382827302;0,791200382827304
2,37199999999998;0,812971639477304;0,812971639477304
2,38999999999998;0,834524267083307;0,834524267083304
2,40799999999998;0,855848823637304;0,855848823637304
2,42599999999998;0,876935972107303;0,876935972107304
2,44399999999998;0,897776480437305;0,897776480437305
2,46199999999997;0,918361221547303;0,918361221547305
2,47999999999997;0,938681173333305;0,938681173333305
2,49799999999997;0,958727418667304;0,958727418667305
2,51599999999997;0,978491145397305;0,978491145397305
2,53399999999997;0,997963646347303;0,997963646347305
2,55199999999997;1,0171363193173;1,01713631931731
2,56999999999997;1,03600066708331;1,03600066708331
2,58799999999997;1,05454829739731;1,05454829739731
2,60599999999997;1,07277092298731;1,07277092298731
2,62399999999997;1,09066036155731;1,09066036155731
2,64199999999997;1,10820853578731;1,10820853578731
2,65999999999997;1,12540747333331;1,12540747333331
2,67799999999997;1,14224930682731;1,14224930682731
2,69599999999997;1,15872627387731;1,15872627387731
2,71399999999997;1,17483071706731;1,17483071706731
2,73199999999997;1,19055508395731;1,19055508395731
2,74999999999997;1,20589192708331;1,20589192708331
2,76799999999997;1,22083390395731;1,22083390395731
2,78599999999997;1,23537377706731;1,23537377706731
2,80399999999997;1,24950441387731;1,24950441387731
2,82199999999997;1,26321878682731;1,26321878682731
2,83999999999997;1,27650997333331;1,27650997333331
2,85799999999997;1,28937115578731;1,28937115578731
2,87599999999997;1,30179562155731;1,30179562155731
2,89399999999997;1,31377676298731;1,31377676298731
2,91199999999997;1,32530807739732;1,32530807739731
2,92999999999997;1,33638316708331;1,33638316708331
2,94799999999997;1,34699573931731;1,34699573931732
2,96599999999997;1,35713960634732;1,35713960634732
2,98399999999997;1,36680868539732;1,36680868539732
3,00199999999997;1,37599699866732;1,37599699866732
3,01999999999997;1,38469867333331;1,38469867333332
3,03799999999997;1,39290794154732;1,39290794154732
3,05599999999997;1,40061914043731;1,40061914043732
3,07399999999997;1,40782671210732;1,40782671210732
3,09199999999997;1,41452520363732;1,41452520363732
3,10999999999997;1,42070926708332;1,42070926708332
3,12799999999997;1,42637365947732;1,42637365947732
3,14599999999997;1,43151324282732;1,43151324282732
3,16399999999997;1,43612298411732;1,43612298411733
3,18199999999997;1,44019795530733;1,44019795530733
3,19999999999997;1,44373333333333;1,44373333333333
3,21799999999997;1,44672440010732;1,44672440010733
3,23599999999997;1,44916654251733;1,44916654251733
3,25399999999997;1,45105525242733;1,45105525242733
3,27199999999997;1,45238612667734;1,45238612667733
3,28999999999997;1,45315486708333;1,45315486708333
3,30799999999997;1,45335728043733;1,45335728043733
3,32599999999997;1,45298927850734;1,45298927850733
3,34399999999996;1,45204687803734;1,45204687803734
3,36199999999996;1,45052620074733;1,45052620074734
3,37999999999996;1,44842347333334;1,44842347333334
3,39799999999996;1,44573502746734;1,44573502746734
3,41599999999996;1,44245729979735;1,44245729979734
3,43399999999996;1,43858683194734;1,43858683194734
3,45199999999996;1,43412027051734;1,43412027051734
3,46999999999996;1,42905436708334;1,42905436708334
3,48799999999996;1,42338597819735;1,42338597819735
3,50599999999996;1,41711206538735;1,41711206538735
3,52399999999996;1,41022969515734;1,41022969515735
3,54199999999996;1,40273603898734;1,40273603898735
3,55999999999996;1,39462837333336;1,39462837333335
3,57799999999996;1,38590407962735;1,38590407962735
3,59599999999996;1,37656064427735;1,37656064427735
3,61399999999996;1,36659565866735;1,36659565866736
3,63199999999996;1,35600681915736;1,35600681915736
3,64999999999996;1,34479192708336;1,34479192708336
3,66799999999996;1,33294888875736;1,33294888875736
3,68599999999996;1,32047571546736;1,32047571546736
3,70399999999996;1,30737052347737;1,30737052347736
3,72199999999996;1,29363153402736;1,29363153402736
3,73999999999996;1,27925707333336;1,27925707333337
3,75799999999996;1,26424557258737;1,26424557258737
3,77599999999996;1,24859556795738;1,24859556795737
3,79399999999996;1,23230570058737;1,23230570058737
3,81199999999996;1,21537471659737;1,21537471659737
3,82999999999996;1,19780146708337;1,19780146708337
3,84799999999996;1,17958490811739;1,17958490811738
3,86599999999996;1,16072410074737;1,16072410074738
3,88399999999996;1,14121821099737;1,14121821099738
3,90199999999996;1,12106650986738;1,12106650986738
3,91999999999996;1,10026837333338;1,10026837333338
3,93799999999996;1,07882328234737;1,07882328234738
3,95599999999996;1,05673082283738;1,05673082283739
3,97399999999996;1,03399068570738;1,03399068570739
3,99199999999996;1,01060266683739;1,01060266683739
4,00999999999996;0,986566667083389;0,986566667083391
4,02799999999996;0,961882692277383;0,961882692277393
4,04599999999996;0,936550853227404;0,936550853227395
4,06399999999996;0,910571365717383;0,910571365717397
4,08199999999996;0,883944550507385;0,883944550507399
4,09999999999996;0,856670833333391;0,8566708333334
4,11799999999996;0,828750744907408;0,828750744907403
4,13599999999996;0,800184920917397;0,800184920917405
4,15399999999996;0,770974102027408;0,770974102027406
4,17199999999996;0,741119133877412;0,741119133877408
4,18999999999996;0,710620967083413;0,71062096708341
4,20799999999995;0,679480657237406;0,679480657237412
4,22599999999995;0,647699364907419;0,647699364907414
4,24399999999995;0,615278355637406;0,615278355637416
4,26199999999995;0,582218999947424;0,582218999947418
4,27999999999995;0,548522773333424;0,54852277333342
4,29799999999995;0,514191256267418;0,514191256267422
4,31599999999995;0,479226134197431;0,479226134197424
4,33399999999995;0,44362919754743;0,443629197547426
4,35199999999995;0,407402341717434;0,407402341717428
4,36999999999995;0,370547567083422;0,37054756708343
4,38799999999995;0,333066978997422;0,333066978997432
4,40599999999995;0,294962787787435;0,294962787787435
4,42399999999995;0,256237308757449;0,256237308757437
4,44199999999995;0,216892962187451;0,216892962187439
4,45999999999995;0,176932273333446;0,176932273333441
4,47799999999995;0,136357872427446;0,136357872427443
4,49599999999995;0,0951724946774455;0,0951724946774446
4,51399999999995;0,0533789802674463;0,0533789802674471
4,53199999999995;0,0109802743574541;0,0109802743574494
4,54999999999995;-0,0320205729165437;-0,0320205729165488
4,56799999999995;-0,0756204064425496;-0,0756204064425465
4,58599999999995;-0,119815966132553;-0,119815966132544
4,60399999999995;-0,164603886922539;-0,164603886922542
4,62199999999995;-0,209980698772544;-0,20998069877254
4,63999999999995;-0,255942826666534;-0,255942826666538
4,65799999999995;-0,302486590612538;-0,302486590612536
4,67599999999995;-0,349608205642522;-0,349608205642534
4,69399999999995;-0,397303781812532;-0,397303781812532
4,71199999999995;-0,445569324202545;-0,445569324202529
4,72999999999995;-0,494400732916521;-0,494400732916527
4,74799999999995;-0,543793803082533;-0,543793803082525
4,76599999999995;-0,593744224852525;-0,593744224852523
4,78399999999995;-0,644247583402517;-0,644247583402521
4,80199999999995;-0,695299358932523;-0,695299358932519
4,81999999999995;-0,746894926666513;-0,746894926666516
4,83799999999995;-0,799029556852506;-0,799029556852514
4,85599999999995;-0,85169841476252;-0,851698414762512
4,87399999999995;-0,90489656069251;-0,90489656069251
4,89199999999995;-0,95861894996251;-0,958618949962508
4,90999999999995;-1,0128604329165;-1,01286043291651
4,92799999999995;-1,0676157549225;-1,0676157549225
4,94599999999995;-1,1228795563725;-1,1228795563725
4,96399999999995;-1,17864637268249;-1,1786463726825
4,98199999999995;-1,23491063429249;-1,2349106342925
4,99999999999995;-1,29166666666651;-1,2916666666665
5,01799999999995;-1,34890869029249;-1,34890869029249
5,03599999999995;-1,4066308206825;-1,40663082068249
5,05399999999995;-1,4648270683725;-1,46482706837249
5,07199999999995;-1,52349133892248;-1,52349133892249
5,08999999999994;-1,58261743291647;-1,58261743291648
5,10799999999994;-1,64219904596247;-1,64219904596248
5,12599999999994;-1,70222976869248;-1,70222976869248
5,14399999999994;-1,76270308676248;-1,76270308676248
5,16199999999994;-1,82361238085247;-1,82361238085248
5,17999999999994;-1,88495092666648;-1,88495092666647
5,19799999999994;-1,94671189493248;-1,94671189493247
5,21599999999994;-2,00888835140247;-2,00888835140247
5,23399999999994;-2,07147325685248;-2,07147325685247
5,25199999999994;-2,13445946708245;-2,13445946708247
5,26999999999994;-2,19783973291646;-2,19783973291646
5,28799999999994;-2,26160670020246;-2,26160670020246
5,30599999999994;-2,32575290981248;-2,32575290981246
5,32399999999994;-2,39027079764247;-2,39027079764246
5,34199999999994;-2,45515269461244;-2,45515269461246
5,35999999999994;-2,52039082666646;-2,52039082666645
5,37799999999994;-2,58597731477245;-2,58597731477245
5,39599999999994;-2,65190417492245;-2,65190417492245
5,41399999999994;-2,71816331813245;-2,71816331813245
5,43199999999994;-2,78474655044244;-2,78474655044245
5,44999999999994;-2,85164557291645;-2,85164557291645
5,46799999999994;-2,91885198164243;-2,91885198164244
5,48599999999994;-2,98635726773244;-2,98635726773244
5,50399999999994;-3,05415281732246;-3,05415281732244
5,52199999999994;-3,12222991157245;-3,12222991157244
5,53999999999994;-3,19057972666644;-3,19057972666644
5,55799999999994;-3,25919333381243;-3,25919333381243
5,57599999999994;-3,32806169924245;-3,32806169924243
5,59399999999994;-3,39717568421242;-3,39717568421243
5,61199999999994;-3,46652604500242;-3,46652604500243
5,62999999999994;-3,53610343291643;-3,53610343291643
5,64799999999994;-3,60589839428242;-3,60589839428243
5,66599999999994;-3,67590137045241;-3,67590137045243
5,68399999999994;-3,74610269780242;-3,74610269780243
5,70199999999994;-3,81649260773242;-3,81649260773242
5,71999999999994;-3,88706122666641;-3,88706122666642
5,73799999999994;-3,95779857605243;-3,95779857605242
5,75599999999994;-4,0286945723624;-4,02869457236242
5,77399999999994;-4,09973902709242;-4,09973902709242
5,79199999999994;-4,17092164676242;-4,17092164676242
5,80999999999994;-4,24223203291639;-4,24223203291641
5,82799999999994;-4,31365968212241;-4,31365968212241
5,84599999999994;-4,38519398597239;-4,38519398597241
5,86399999999994;-4,45682423108244;-4,45682423108241
5,88199999999994;-4,52853959909243;-4,52853959909241
5,89999999999994;-4,60032916666638;-4,60032916666641
5,91799999999994;-4,67218190549239;-4,67218190549241
5,93599999999994;-4,7440866822824;-4,74408668228241
5,95399999999993;-4,8160322587724;-4,81603225877241
5,97199999999993;-4,8880072917224;-4,88800729172241
5,98999999999993;-4,96000033291639;-4,9600003329164
6,00799999999993;-5,03199982916238;-5,0319998291624
6,02599999999993;-5,10399412229238;-5,1039941222924
6,04399999999993;-5,17597144916238;-5,1759714491624
6,06199999999993;-5,24791994165239;-5,2479199416524
6,07999999999993;-5,31982762666642;-5,3198276266664
6,09799999999993;-5,39168242613238;-5,3916824261324
6,11599999999993;-5,46347215700239;-5,4634721570024
6,13399999999993;-5,5351845312524;-5,5351845312524
6,15199999999993;-5,60680715588241;-5,6068071558824
6,16999999999993;-5,67832753291641;-5,6783275329164
6,18799999999993;-5,74973305940236;-5,7497330594024
6,20599999999993;-5,8210110274124;-5,8210110274124
6,22399999999993;-5,89214862404238;-5,8921486240424
6,24199999999993;-5,96313293141239;-5,9631329314124
6,25999999999993;-6,03395092666639;-6,0339509266664
6,27799999999993;-6,10458948197241;-6,1045894819724
6,29599999999993;-6,17503536452239;-6,1750353645224
6,31399999999993;-6,24527523653242;-6,2452752365324
6,33199999999993;-6,31529565524239;-6,3152956552424
6,34999999999993;-6,38508307291639;-6,3850830729164
6,36799999999993;-6,4546238368424;-6,4546238368424
6,38599999999993;-6,52390418933237;-6,5239041893324
6,40399999999993;-6,5929102677224;-6,5929102677224
6,42199999999993;-6,66162810437243;-6,6616281043724
6,43999999999993;-6,73004362666643;-6,7300436266664
6,45799999999993;-6,79814265701242;-6,7981426570124
6,47599999999993;-6,86591091284237;-6,8659109128424
6,49399999999993;-6,93333400661238;-6,9333340066124
6,51199999999993;-7,00039744580241;-7,0003974458024
6,52999999999993;-7,06708663291637;-7,0670866329164
6,54799999999993;-7,13338686548242;-7,1333868654824
6,56599999999993;-7,1992833360524;-7,1992833360524
6,58399999999993;-7,26476113220241;-7,2647611322024
6,60199999999993;-7,32980523653241;-7,32980523653241
6,61999999999993;-7,3944005266664;-7,39440052666641
6,63799999999993;-7,4585317752524;-7,45853177525241
6,65599999999993;-7,5221836499624;-7,52218364996241
6,67399999999993;-7,58534071349241;-7,58534071349241
6,69199999999993;-7,64798742356243;-7,64798742356241
6,70999999999993;-7,71010813291639;-7,71010813291641
6,72799999999993;-7,77168708932241;-7,77168708932241
6,74599999999993;-7,83270843557243;-7,83270843557242
6,76399999999993;-7,89315620948241;-7,89315620948242
6,78199999999993;-7,95301434389242;-7,95301434389242
6,79999999999993;-8,01226666666642;-8,01226666666642
6,81799999999993;-8,07089690069243;-8,07089690069242
6,83599999999992;-8,12888866388244;-8,12888866388243
6,85399999999992;-8,18622546917246;-8,18622546917243
6,87199999999992;-8,24289072452244;-8,24289072452243
6,88999999999992;-8,29886773291643;-8,29886773291643
6,90799999999992;-8,35413969236244;-8,35413969236243
6,92599999999992;-8,40868969589245;-8,40868969589244
6,94399999999992;-8,46250073156243;-8,46250073156244
6,96199999999992;-8,51555568245242;-8,51555568245244
6,97999999999992;-8,56783732666645;-8,56783732666645
6,99799999999992;-8,61932833733246;-8,61932833733245
7,01599999999992;-8,67001128260246;-8,67001128260245
7,03399999999992;-8,71986862565247;-8,71986862565245
7,05199999999992;-8,76888272468248;-8,76888272468246
7,06999999999992;-8,81703583291645;-8,81703583291646
7,08799999999992;-8,86431009860247;-8,86431009860246
7,10599999999992;-8,91068756501248;-8,91068756501247
7,12399999999992;-8,95615017044244;-8,95615017044247
7,14199999999992;-9,00067974821249;-9,00067974821247
7,15999999999992;-9,04425802666651;-9,04425802666648
7,17799999999992;-9,08686662917248;-9,08686662917248
7,19599999999992;-9,12848707412246;-9,12848707412249
7,21399999999992;-9,1691007749325;-9,16910077493249
7,23199999999992;-9,20868904004253;-9,20868904004249
7,24999999999992;-9,2472330729165;-9,2472330729165
7,26799999999992;-9,28471397204251;-9,2847139720425
7,28599999999992;-9,32111273093251;-9,32111273093251
7,30399999999992;-9,35641023812251;-9,35641023812251
7,32199999999992;-9,39058727717249;-9,39058727717252
7,33999999999992;-9,4236245266665;-9,42362452666652
7,35799999999992;-9,45550256021251;-9,45550256021253
7,37599999999992;-9,48620184644254;-9,48620184644253
7,39399999999992;-9,51570274901256;-9,51570274901253
7,41199999999992;-9,54398552660254;-9,54398552660254
7,42999999999992;-9,57103033291656;-9,57103033291655
7,44799999999992;-9,59681721668252;-9,59681721668255
7,46599999999992;-9,62132612165257;-9,62132612165256
7,48399999999992;-9,64453688660254;-9,64453688660256
7,50199999999992;-9,66642924533255;-9,66642924533257
7,51999999999992;-9,68698282666654;-9,68698282666658
7,53799999999992;-9,7061771544526;-9,70617715445258
7,55599999999992;-9,7239916475626;-9,72399164756259
7,57399999999992;-9,74040561989261;-9,74040561989259
7,59199999999992;-9,75539828036261;-9,7553982803626
7,60999999999992;-9,76894873291656;-9,76894873291661
7,62799999999992;-9,78103597652262;-9,78103597652261
7,64599999999992;-9,79163890517256;-9,79163890517262
7,66399999999992;-9,80073630788263;-9,80073630788263
7,68199999999992;-9,80830686869265;-9,80830686869264
7,69999999999991;-9,81432916666665;-9,81432916666664
7,71799999999991;-9,81878167589264;-9,81878167589265
7,73599999999991;-9,82164276548266;-9,82164276548266
7,75399999999991;-9,82289069957264;-9,82289069957266
7,77199999999991;-9,82250363732271;-9,82250363732267
7,78999999999991;-9,82045963291668;-9,82045963291668
7,80799999999991;-9,81673663556276;-9,81673663556269
7,82599999999991;-9,81131248949276;-9,8113124894927
7,84399999999991;-9,80416493396268;-9,80416493396271
7,86199999999991;-9,7952716032527;-9,79527160325271
7,87999999999991;-9,78461002666668;-9,78461002666672
7,89799999999991;-9,77215762853274;-9,77215762853273
7,91599999999991;-9,75789172820276;-9,75789172820274
7,93399999999991;-9,74178954005276;-9,74178954005275
7,95199999999991;-9,72382817348281;-9,72382817348276
7,96999999999991;-9,70398463291676;-9,70398463291677
7,98799999999991;-9,68223581780282;-9,68223581780278
8,00599999999991;-9,65855852261276;-9,65855852261279
8,02399999999991;-9,63292943684277;-9,6329294368428
8,04199999999991;-9,60532514501273;-9,60532514501281
8,05999999999991;-9,57572212666682;-9,57572212666681
8,07799999999991;-9,54409675637285;-9,54409675637282
8,09599999999991;-9,51042530372288;-9,51042530372283
8,11399999999992;-9,47468393333284;-9,47468393333284
8,13199999999992;-9,43684870484282;-9,43684870484285
8,14999999999992;-9,39689557291686;-9,39689557291686
8,16799999999992;-9,35480038724285;-9,35480038724286
8,18599999999992;-9,31053889253283;-9,31053889253287
8,20399999999992;-9,2640867285229;-9,26408672852288
8,22199999999992;-9,21541942997291;-9,21541942997289
8,23999999999992;-9,1645124266669;-9,1645124266669
8,25799999999992;-9,11134104341289;-9,1113410434129
8,27599999999992;-9,05588050004283;-9,05588050004291
8,29399999999992;-8,99810591141289;-8,99810591141292
8,31199999999992;-8,93799228740286;-8,93799228740293
8,32999999999992;-8,87551453291687;-8,87551453291694
8,34799999999992;-8,81064744788296;-8,81064744788294
8,36599999999993;-8,74336572725295;-8,74336572725295
8,38399999999993;-8,67364396100291;-8,67364396100296
8,40199999999993;-8,60145663413294;-8,60145663413297
8,41999999999993;-8,52677812666695;-8,52677812666698
8,43799999999993;-8,449582713653;-8,44958271365298
8,45599999999993;-8,36984456516302;-8,36984456516299
8,47399999999993;-8,287537746293;-8,287537746293
8,49199999999993;-8,20263621716299;-8,202636217163
8,50999999999993;-8,11511383291705;-8,11511383291701
8,52799999999993;-8,02494434372298;-8,02494434372302
8,54599999999993;-7,93210139477304;-7,93210139477302
8,56399999999993;-7,83655852628306;-7,83655852628303
8,58199999999993;-7,73828917349297;-7,73828917349304
8,59999999999993;-7,6372666666671;-7,63726666666704
8,61799999999993;-7,53346423109306;-7,53346423109305
8,63599999999994;-7,426854987083;-7,42685498708305
8,65399999999994;-7,31741194997304;-7,31741194997306
8,67199999999994;-7,20510803012306;-7,20510803012307
8,68999999999994;-7,0899160329171;-7,08991603291707
8,70799999999994;-6,97180865876311;-6,97180865876308
8,72599999999994;-6,85075850309309;-6,85075850309309
8,74399999999994;-6,72673805636308;-6,72673805636309
8,76199999999994;-6,59971970405309;-6,5997197040531
8,77999999999994;-6,46967572666713;-6,4696757266671
8,79799999999994;-6,33657829973305;-6,33657829973311
8,81599999999994;-6,20039949380319;-6,20039949380311
8,83399999999994;-6,06111127445314;-6,06111127445311
8,85199999999994;-5,9186855022831;-5,91868550228312
8,86999999999994;-5,77309393291711;-5,77309393291712
8,88799999999994;-5,62430821700315;-5,62430821700313
8,90599999999995;-5,4722999002131;-5,47229990021313
8,92399999999995;-5,3170404232431;-5,31704042324314
8,94199999999995;-5,15850112181312;-5,15850112181314
8,95999999999995;-4,99665322666709;-4,99665322666714
8,97799999999995;-4,83146786357315;-4,83146786357315
8,99599999999995;-4,6629160533231;-4,66291605332315
9,01399999999995;-4,4909687117331;-4,49096871173315
9,03199999999995;-4,31559664964317;-4,31559664964316
9,04999999999995;-4,13677057291716;-4,13677057291716
9,06799999999995;-3,95446108244317;-3,95446108244316
9,08599999999995;-3,76863867413317;-3,76863867413316
9,10399999999995;-3,57927373892323;-3,57927373892317
9,12199999999995;-3,38633656277318;-3,38633656277317
9,13999999999995;-3,18979732666719;-3,18979732666717
9,15799999999996;-2,98962610661317;-2,98962610661317
9,17599999999996;-2,78579287364312;-2,78579287364317
9,19399999999996;-2,5782674938132;-2,57826749381317
9,21199999999996;-2,36701972820316;-2,36701972820318
9,22999999999996;-2,1520192329171;-2,15201923291717
9,24799999999996;-1,93323555908313;-1,93323555908318
9,26599999999996;-1,71063815285328;-1,71063815285318
9,28399999999996;-1,48419635540324;-1,48419635540318
9,30199999999996;-1,25387940293325;-1,25387940293318
9,31999999999996;-1,01965642666727;-1,01965642666718
9,33799999999996;-0,781496452853219;-0,781496452853172
9,35599999999996;-0,539368402763216;-0,539368402763174
9,37399999999996;-0,293241092693165;-0,293241092693169
9,39199999999996;-0,0430832339632161;-0,0430832339631664
9,40999999999996;0,21113656708286;0,211136567082828
9,42799999999997;0,469449809076764;0,469449809076831
9,44599999999997;0,731888095626914;0,731888095626836
9,46399999999997;0,998483135316803;0,998483135316839
9,48199999999997;1,26926674170687;1,26926674170684
9,49999999999997;1,5442708333328;1,54427083333284
9,51799999999997;1,82352743370689;1,82352743370685
9,53599999999997;2,10706867131688;2,10706867131685
9,55399999999997;2,39492677962687;2,39492677962685
9,57199999999997;2,68713409707686;2,68713409707685
9,58999999999997;2,98372306708285;2,98372306708286
9,60799999999997;3,2847262380368;3,28472623803686
9,62599999999997;3,59017626330683;3,59017626330687
9,64399999999997;3,90010590123683;3,90010590123688
9,66199999999997;4,21454801514687;4,21454801514687
9,67999999999997;4,53353557333281;4,53353557333289
9,69799999999998;4,85710164906692;4,85710164906689
9,71599999999998;5,185279420597;5,1852794205969
9,73399999999998;5,51810217114701;5,5181021711469
9,75199999999998;5,85560328891694;5,85560328891691
9,76999999999998;6,19781626708289;6,19781626708292
9,78799999999998;6,54477470379692;6,54477470379692
9,80599999999998;6,89651230218692;6,89651230218693
9,82399999999998;7,25306287035687;7,25306287035694
9,84199999999998;7,61446032138684;7,61446032138695
9,85999999999998;7,98073867333295;7,98073867333295
9,87799999999998;8,351932049227;8,35193204922696
9,89599999999998;8,72807467707707;8,72807467707697
9,91399999999998;9,10920088986694;9,10920088986698
9,93199999999998;9,49534512555698;9,49534512555699
9,94999999999999;9,88654192708293;9,88654192708301
9,96799999999999;10,282825942357;10,282825942357
9,98599999999999;10,6842319242671;10,684231924267
10,004;11,0907947306771;11,090794730677
10,022;11,5025493244271;11,502549324427
10,04;11,919530773333;11,9195307733331
10,058;12,3417742501871;12,3417742501871
10,076;12,7693150327571;12,7693150327571
10,094;13,2021885037871;13,2021885037871
10,112;13,640430150997;13,6404301509971
10,13;14,0840755670831;14,0840755670831
10,148;14,5331604497171;14,5331604497171
10,166;14,9877206015472;14,9877206015472
10,184;15,4477919301971;15,4477919301972
10,202;15,9134104482673;15,9134104482672
10,22;16,3846122733331;16,3846122733332
10,238;16,8614336279472;16,8614336279472
10,256;17,3439108396373;17,3439108396372
10,274;17,8320803409072;17,8320803409073
10,292;18,3259786692372;18,3259786692373
10,31;18,8256424670833;18,8256424670833
10,328;19,3311084818774;19,3311084818773
10,346;19,8424135660273;19,8424135660273
10,364;20,3595946769173;20,3595946769174
10,382;20,8826888769073;20,8826888769074
10,4;21,4117333333333;21,4117333333334
10,418;21,9467653185075;21,9467653185074
10,436;22,4878222097174;22,4878222097174
10,454;23,0349414892274;23,0349414892275
10,472;23,5881607442775;23,5881607442775
10,49;24,1475176670835;24,1475176670835
10,508;24,7130500548376;24,7130500548375
10,526;25,2847958097075;25,2847958097076
10,544;25,8627929388375;25,8627929388376
10,562;26,4470795543476;26,4470795543476
10,58;27,0376938733336;27,0376938733336
10,598;27,6346742178676;27,6346742178677
10,616;28,2380590149976;28,2380590149977
10,634;28,8478867967478;28,8478867967477
10,652;29,4641962001178;29,4641962001177
10,67;30,0870259670838;30,0870259670838
10,688;30,7164149445977;30,7164149445978
10,706;31,3524020845878;31,3524020845878
10,724;31,995026443958;31,9950264439578
10,742;32,644327184588;32,6443271845879
10,76;33,3003435733337;33,3003435733339
10,778;33,9631149820279;33,9631149820279
10,796;34,6326808874779;34,632680887478
10,814;35,3090808714679;35,309080871468
10,832;35,992354620758;35,992354620758
10,85;36,6825419270841;36,6825419270841
10,868;37,3796826871582;37,3796826871581
10,886;38,0838169026682;38,0838169026681
10,904;38,7949846802782;38,7949846802782
10,922;39,5132262316282;39,5132262316282
10,94;40,2385818733344;40,2385818733342
10,958;40,9710920269883;40,9710920269883
10,976;41,7107972191583;41,7107972191583
10,994;42,4577380813885;42,4577380813884
11,012;43,2119553501984;43,2119553501984
11,03;43,9734898670844;43,9734898670844
11,048;44,7423825785185;44,7423825785185
11,066;45,5186745359487;45,5186745359485
11,084;46,3024068957984;46,3024068957986
11,102;47,0936209194685;47,0936209194686
11,12;47,8923579733346;47,8923579733346
11,138;48,6986595287486;48,6986595287487
11,156;49,5125671620387;49,5125671620387
11,174;50,3341225545089;50,3341225545088
11,192;51,1633674924386;51,1633674924388
11,21;52,0003438670848;52,0003438670849
11,228;52,845093674679;52,8450936746789
11,246;53,6976590164289;53,697659016429
11,264;54,558082098519;54,558082098519
11,282;55,426405232109;55,426405232109
11,3;56,3026708333351;56,3026708333351
11,318;57,1869214233091;57,1869214233091
11,336;58,0791996281192;58,0791996281192
11,354;58,9795481788292;58,9795481788293
11,372;59,8880099114791;59,8880099114793
11,39;60,8046277670852;60,8046277670853
11,408;61,7294447916395;61,7294447916394
11,426;62,6625041361095;62,6625041361095
11,444;63,6038490564396;63,6038490564395
11,462;64,5535229135495;64,5535229135496
11,48;65,5115691733357;65,5115691733356
11,498;66,4780314066696;66,4780314066697
11,516;67,4529532893997;67,4529532893998
11,534;68,4363786023497;68,4363786023498
11,552;69,4283512313199;69,4283512313199
11,57;70,4289151670858;70,4289151670859
11,588;71,4381145054;71,4381145054
11,606;72,4559934469901;72,4559934469901
11,624;73,48259629756;73,4825962975601
11,642;74,5179674677903;74,5179674677902
11,66;75,5621514733363;75,5621514733362
11,6780000000001;76,6151929348301;76,6151929348303
11,6960000000001;77,6771365778802;77,6771365778804
11,7140000000001;78,7480272330705;78,7480272330704
11,7320000000001;79,8279098359606;79,8279098359605
11,7500000000001;80,9168294270867;80,9168294270866
11,7680000000001;82,0148311519606;82,0148311519606
11,7860000000001;83,1219602610707;83,1219602610707
11,8040000000001;84,238262109881;84,2382621098808
11,8220000000001;85,3637821588309;85,3637821588308
11,8400000000001;86,4985659733371;86,4985659733369
11,8580000000001;87,6426592237912;87,642659223791
11,8760000000001;88,796107685561;88,7961076855611
11,8940000000001;89,9589572389913;89,9589572389911
11,9120000000001;91,1312538694015;91,1312538694012
11,9300000000001;92,3130436670873;92,3130436670873
11,9480000000001;93,5043728273215;93,5043728273214
11,9660000000001;94,7052876503511;94,7052876503515
11,9840000000001;95,9158345414014;95,9158345414015
12,0020000000001;97,1360600106715;97,1360600106716
12,0200000000001;98,3660106733375;98,3660106733377
12,0380000000001;99,6057332495519;99,6057332495518
12,0560000000001;100,855274564442;100,855274564442
12,0740000000001;102,114681548112;102,114681548112
12,0920000000001;103,384001235642;103,384001235642
12,1100000000001;104,663280767088;104,663280767088
12,1280000000001;105,952567387482;105,952567387482
12,1460000000001;107,251908446832;107,251908446832
12,1640000000001;108,561351400122;108,561351400122
12,1820000000001;109,880943807313;109,880943807312
12,2000000000001;111,210733333339;111,210733333339
12,2180000000001;112,550767748113;112,550767748113
12,2360000000001;113,901094926523;113,901094926523
12,2540000000001;115,261762848433;115,261762848433
12,2720000000001;116,632819598683;116,632819598683
12,2900000000001;118,014313367089;118,014313367089
12,3080000000001;119,406292448443;119,406292448443
12,3260000000001;120,808805242513;120,808805242513
12,3440000000001;122,221900254043;122,221900254043
12,3620000000001;123,645626092753;123,645626092753
12,3800000000001;125,080031473339;125,08003147334
12,3980000000001;126,525165215474;126,525165215474
12,4160000000001;127,981076243804;127,981076243804
12,4340000000001;129,447813587954;129,447813587954
12,4520000000001;130,925426382524;130,925426382524
12,4700000000001;132,41396386709;132,41396386709
12,4880000000001;133,913475386204;133,913475386204
12,5060000000001;135,424010389394;135,424010389394
12,5240000000001;136,945618431164;136,945618431164
12,5420000000001;138,478349170995;138,478349170994
12,5600000000001;140,022252373341;140,022252373341
12,5780000000001;141,577377907635;141,577377907635
12,5960000000001;143,143775748285;143,143775748285
12,6140000000001;144,721495974675;144,721495974675
12,6320000000001;146,310588771165;146,310588771165
12,6500000000001;147,911104427091;147,911104427091
12,6680000000001;149,523093336765;149,523093336765
12,6860000000001;151,146605999475;151,146605999475
12,7040000000001;152,781693019485;152,781693019485
12,7220000000001;154,428405106035;154,428405106036
12,7400000000001;156,086793073342;156,086793073342
12,7580000000001;157,756907840596;157,756907840596
12,7760000000001;159,438800431966;159,438800431966
12,7940000000001;161,132521976596;161,132521976596
12,8120000000001;162,838123708606;162,838123708606
12,8300000000001;164,555656967092;164,555656967092
12,8480000000001;166,285173196126;166,285173196126
12,8660000000001;168,026723944757;168,026723944757
12,8840000000001;169,780360867007;169,780360867007
12,9020000000001;171,546135721877;171,546135721877
12,9200000000001;173,324100373343;173,324100373343
12,9380000000001;175,114306790357;175,114306790357
12,9560000000001;176,916807046847;176,916807046847
12,9740000000001;178,731653321717;178,731653321717
12,9920000000001;180,558897898848;180,558897898848
13,0100000000001;182,398593167094;182,398593167094
13,0280000000001;184,250791620288;184,250791620288
13,0460000000001;186,115545857238;186,115545857238
13,0640000000001;187,992908581728;187,992908581728
13,0820000000001;189,882932602518;189,882932602518
13,1000000000001;191,785670833345;191,785670833344
13,1180000000001;193,701176292918;193,701176292919
13,1360000000001;195,629502104929;195,629502104929
13,1540000000001;197,570701498039;197,570701498039
13,1720000000001;199,524827805889;199,524827805889
13,1900000000001;201,491934467095;201,491934467095
13,2080000000001;203,472075025249;203,472075025249
13,2260000000001;205,465303128919;205,465303128919
13,2440000000001;207,47167253165;207,47167253165
13,2620000000001;209,49123709196;209,49123709196
13,2800000000001;211,524050773346;211,524050773346
13,2980000000001;213,57016764428;213,57016764428
13,3160000000001;215,62964187821;215,62964187821
13,3340000000001;217,702527753561;217,70252775356
13,3520000000001;219,788879653731;219,788879653731
13,3700000000001;221,888752067097;221,888752067097
13,3880000000001;224,002199587011;224,002199587011
13,4060000000001;226,129276911801;226,129276911801
13,4240000000001;228,270038844771;228,270038844771
13,4420000000001;230,424540294202;230,424540294201
13,4600000000001;232,592836273348;232,592836273348
13,4780000000001;234,774981900442;234,774981900442
13,4960000000001;236,971032398692;236,971032398692
13,5140000000001;239,181043096282;239,181043096282
13,5320000000001;241,405069426372;241,405069426372
13,5500000000001;243,643166927098;243,643166927099
13,5680000000001;245,895391241573;245,895391241573
13,5860000000001;248,161798117883;248,161798117883
13,6040000000001;250,442443409093;250,442443409093
13,6220000000001;252,737383073243;252,737383073243
13,6400000000001;255,046673173349;255,046673173349
13,6580000000001;257,370369877404;257,370369877404
13,6760000000001;259,708529458374;259,708529458374
13,6940000000001;262,061208294204;262,061208294204
13,7120000000001;264,428462867814;264,428462867814
13,7300000000001;266,810349767101;266,8103497671
13,7480000000001;269,206925684935;269,206925684935
13,7660000000001;271,618247419165;271,618247419165
13,7840000000001;274,044371872615;274,044371872615
13,8020000000001;276,485356053085;276,485356053085
13,8200000000001;278,941257073351;278,941257073351
13,8380000000001;281,412132151166;281,412132151166
13,8560000000001;283,898038609256;283,898038609256
13,8740000000001;286,399033875326;286,399033875326
13,8920000000001;288,915175482056;288,915175482056
13,9100000000001;291,446521067103;291,446521067102
13,9280000000001;293,993128373097;293,993128373097
13,9460000000001;296,555055247647;296,555055247647
13,9640000000001;299,132359643337;299,132359643337
13,9820000000001;301,725099617727;301,725099617727
